,domain,tld,is_deleted,deleted_at
37120,forexampleiamabird.xyz.,xyz,,
37121,superolur.xyz.,xyz,,
37122,di0rdu5n2gjap964rausre65s5q8bsoj.shop.,shop,,
37123,webdesn.tech.,tech,,
37124,timelostprototype.com.,com,,
37125,gtkc9hutp72bknb3d6u3fpkba6u1qus9.shop.,shop,,
37126,accountingsolutionsguam.com.,com,,
37127,magic-events-agency.shop.,shop,,
37128,lista.autos.,autos,,
37129,gabxvse.cam.,cam,,
37130,eyegrouproomstory.mom.,mom,,
37131,zhangshiqiang.top.,top,,
37132,1wwdb.top.,top,,
37133,wmrds.lol.,lol,,
37134,7h1m497p120918k6sh6ii99r0cen45h0.shop.,shop,,
37135,djiaknllo2lga23bhj7a5nno848foe3r.shop.,shop,,
37136,1wjin.top.,top,,
37137,9eiobh3b7nqkhf1dvm5jij99id9a4atd.shop.,shop,,
37138,undraftedamateurs.com.,com,,
37139,feelstyle.shop.,shop,,
37140,coinmiles.shop.,shop,,
37141,5arkd04nfni20m79tj9r9r7h0rjvnqr6.shop.,shop,,
37142,md9jds3m0rprd2anpjt35dhnc6iih3dm.shop.,shop,,
37143,bahult.com.,com,,
37144,os7s7p7j134pnfmp4hmt90o4rfqaarqc.shop.,shop,,
37145,getyourfollower.com.,com,,
37146,akpoprb7q179hcqm9ve6ir20hdpragol.shop.,shop,,
37147,atemake.space.,space,,
37148,summerjoy.shop.,shop,,
37149,ceaindycarnorte.com.,com,,
37150,cheap.farm.,farm,,
37151,specificspecific.mom.,mom,t,2022-05-18
37152,apkrk.com.,com,,
37153,overdose.lol.,lol,,
37154,kjhbnvsd.xyz.,xyz,,
37155,77r7s9tr3grfgcbl1eserc97dv5olfkp.top.,top,,
37156,steelrevival.shop.,shop,,
37157,oaugtuac194.vip.,vip,,
37158,9ql4gvntqu3opsv6d09pm7on6mrjtaot.shop.,shop,,
37159,dogogiaxuong.shop.,shop,,
37160,pulgabem-estar.site.,site,,
37161,ikksjob.xyz.,xyz,,
37162,gjf346.top.,top,,
37163,sbtalpha.com.,com,,
37164,fitclub.team.,team,,
37165,2f6sg12m36aq89tadgjjg0v684tucjps.shop.,shop,,
37166,greekgraffiti.com.,com,,
37167,cloudcloset.xyz.,xyz,,
37168,littleboom.shop.,shop,,
37169,cashsbt.xyz.,xyz,,
37170,admarketing.xyz.,xyz,,
37171,bgh78c5enx.xyz.,xyz,,
37172,zkhspug.icu.,icu,,
37173,pictureforyou.website.,website,,
37174,snkkuiqc2q3cskane8smeo6lcjtmgjm4.top.,top,,
37175,oxygenflowers.com.,com,,
37176,o37ebl12ikrvrq1b5ggid0t1591ed3jj.shop.,shop,,
37177,summerxg.shop.,shop,,
37178,bosswomen.world.,world,,
37179,damuwang.com.,com,,
37180,cupidstheatre.com.,com,,
37181,vvbola.website.,website,,
37182,55sqhpo2585gmi458s9p91g6oirmkqev.shop.,shop,,
37183,si-bob.site.,site,,
37184,detj.site.,site,,
37185,ofaborealsea.com.,com,,
37186,tev6n1dlkno8k6mpgfvat551herukce4.shop.,shop,,
37187,wilddog.club.,club,,
37188,sz-kxbj.com.,com,,
37189,j1kjj8qkrgtshlgvq418buc2rlldia0h.top.,top,,
37190,amomentapart.shop.,shop,,
37191,ktkjcny.com.,com,,
37192,trulybareskin.com.,com,,
37193,richessebiologique.xyz.,xyz,,
37194,4987.lol.,lol,,
37195,eccentricdev.xyz.,xyz,,
37196,zizix.shop.,shop,,
37197,rebelmc.xyz.,xyz,,
37198,9cr7m37o9hqf7b7rtlp3cmfkiqcmg4j6.top.,top,,
37199,usvalliiy.cam.,cam,,
37200,9999llll.top.,top,,
37201,dns.lighting.,lighting,,
37202,6q6fvgeolhv7kjdfc65eb6uojmijvsvb.top.,top,,
37203,marketo.quest.,quest,,
37204,kapitaltraders.com.,com,,
37205,ledgerlive.xyz.,xyz,,
37206,xn--2p7ba29r71c.com.,com,,
37207,online-menum.com.,com,,
37208,justatheorymc1.club.,club,,
37209,chiceca.shop.,shop,,
37210,crown.dental.,dental,,
37211,7x7realtor.com.,com,,
37212,trayways.xyz.,xyz,,
37213,ictic.xyz.,xyz,,
37214,brownstonehomeinspection.com.,com,,
37215,longdada.xyz.,xyz,,
37216,chineseproducts.world.,world,,
37217,nightnightnight.mom.,mom,,
37218,borovprashez.shop.,shop,,
37219,kfudapzrwza.xyz.,xyz,t,2022-05-17
37220,petashimi.com.,com,,
37221,devops.tax.,tax,,
37222,multigamesgolf.com.,com,,
37223,ensoulutions.work.,work,,
37224,cachedvideoandmusicstreamservice.top.,top,,
37225,4gml7288pscap2vrunmckq69rbtcsimd.shop.,shop,,
37226,pickupgo.shop.,shop,,
37227,brisastermoelectrica.com.,com,,
37228,847qko7ns4tjficjrvth1fknlt5g56l2.shop.,shop,,
37229,hc9tcq5mvpvcavj91hph12lfa3p494o9.shop.,shop,,
37230,actionaidss.com.,com,,
37231,fanqiangs.xyz.,xyz,,
37232,bentotehai.site.,site,,
37233,dalaxy.shop.,shop,,
37234,q9dgq8na65frfrten73ub7emgjnm3h3j.cleaning.,cleaning,,
37235,1wotn.top.,top,,
37236,5ngc3laa9gdlbutoe5m2vt8k1k091iik.shop.,shop,,
37237,4rmt7jvcdacoho4sqvp4hpodimavi1jq.shop.,shop,,
37238,valeru.shop.,shop,,
37239,gorganrares.tech.,tech,,
37240,alfrescogathering.com.,com,,
37241,4etslghiqmor46tvcmvqgsb6f27cqsa7.top.,top,,
37242,randyahmad.realtor.,realtor,,
37243,c1kofupna358lkq8o1ijfht9m45ghfeu.shop.,shop,,
37244,sebaba79.xyz.,xyz,,
37245,xn--vcsq80a3tw9pc.com.,com,,
37246,dfex.club.,club,,
37247,xn--9iqv8w6kcpxkzsr.com.,com,,
37248,dabbler.games.,games,,
37249,vclubshopl.tel.,tel,,
37250,9p7pjetj3pmeerh5kd7r6u7clh6pclka.top.,top,,
37251,huiben.shop.,shop,,
37252,sterikolabhertuanusiamera.link.,link,,
37253,laexotica.shop.,shop,,
37254,pvce4d1bs8nvb677rrt2e1daotua9em5.shop.,shop,,
37255,photonews.xyz.,xyz,,
37256,othersouls.xyz.,xyz,,
37257,mjchtalbjv28uoeugu0tg22k1jut4d1q.top.,top,,
37258,unscrew.life.,life,,
37259,random627.shop.,shop,,
37260,lavenderbreezes.com.,com,,
37261,xyaua44.club.,club,,
37262,abroadmomads.com.,com,,
37263,findmyspeed.xyz.,xyz,,
37264,4ua9ag9la7rmednn36t8kvdm6koplr31.club.,club,,
37265,mmpepay21.xyz.,xyz,,
37266,yusuyue.top.,top,,
37267,indigoadventuretherapy.com.,com,,
37268,mg73v3ojvceh5hcqeves7375mt09jkl3.biz.,biz,,
37269,cornercooltuk.xyz.,xyz,,
37270,ares-mu.site.,site,,
37271,acffa.top.,top,,
37272,bjdnkr.com.,com,,
37273,more-than-delighted-to-meet-you-tree-tree.space.,space,,
37274,lidongyang.work.,work,,
37275,vitabiosa.world.,world,,
37276,ji8jr3td5bhliklqgk2300s82s4rb8v8.shop.,shop,,
37277,infinityh00ps.com.,com,,
37278,roike.top.,top,,
37279,d3hfu9edk4oo4kasi1sk7do12hrhfaea.shop.,shop,,
37280,mpometa88.top.,top,,
37281,ubsqsqthhmj.xyz.,xyz,t,2022-05-17
37282,jjkokoro.com.,com,,2022-05-15
37283,verfline.com.,com,t,2022-05-19
37284,serveninealso.xyz.,xyz,t,2022-06-01
37285,nineislandsanimationstudio.com.,com,t,2022-06-02
37286,hhgou.top.,top,,
37287,foredawn.shop.,shop,,
37288,aoqtmcj0pteo51qhd0i0eo5603b3a5mh.top.,top,,
37289,ucvpfpr15vj1b828rvd6naohed3v5ke0.shop.,shop,,
37290,olymbros.ltd.,ltd,,
37291,umyqot.lol.,lol,,
37292,thaisortins.site.,site,,
37293,c1uldrgtk538go8eq38fpts72r0ku2n4.cloud.,cloud,,
37294,shipsh.shop.,shop,,
37295,hashguessing.xyz.,xyz,,
37296,sfgrgbg.top.,top,,
37297,7tz6nztm.xyz.,xyz,,
37298,qj8jhlb3gctit6j12arubmqiau4j1j11.shop.,shop,,
37299,anaksgadgetplus.tech.,tech,,
37300,mylozivkovic.tech.,tech,,
37301,osufulecj1ouaefbclpk4ded0hj837d5.shop.,shop,,
37302,tve7mr7nhs488d61i4jng5uph3380lok.news.,news,,
37303,cdcyve.top.,top,,
37304,cun.lol.,lol,,
37305,ep9ing0pjkrhjevr00k8spqm6c0qhmmm.llc.,llc,,
37306,ndauthorit.cfd.,cfd,,
37307,wyzxxl.shop.,shop,,
37308,jh3uuca508l5dknuqiet5egalb6c1oie.com.,com,,
37309,neocash.xyz.,xyz,,
37310,1woev.top.,top,,
37311,mirzlllll.shop.,shop,,
37312,e7ajh5002sd4bogjkilai98n0h5a1o0j.shop.,shop,,
37313,mosarof.xyz.,xyz,,
37314,compersonalwbloginlservice.club.,club,,
37315,partspointpartplace.mom.,mom,,
37316,chitatos.shop.,shop,,
37317,czsphb.com.,com,,
37318,wanda.work.,work,,
37319,ekvrfr.lol.,lol,,
37320,usdcloud.com.,com,,
37321,walletup.xyz.,xyz,,
37322,asd666.vip.,vip,,
37323,6meicoffee4.life.,life,,
37324,ns2.banpile.space.,space,,
37325,protest-en-fix.vote.,vote,,
37326,bqbqkk.shop.,shop,,
37327,hotrotangcuongsuckhoe.space.,space,,
37328,servnidmsilsd.top.,top,,
37329,winprizes183.digital.,digital,,
37330,musicsbt.xyz.,xyz,,
37331,1wftl.top.,top,,
37332,llvvlv00.xyz.,xyz,,
37333,mtnsensors.com.,com,,
37334,kudo.love.,love,,
37335,onlines.plus.,plus,,
37336,jffllp.lol.,lol,,
37337,dinsinfotech.com.,com,,
37338,svenssoncreative.art.,art,,
37339,supermatjar.shop.,shop,,
37340,shanmaster.shop.,shop,,
37341,l0l1phis1pr63kb83mukp0mfb9vlr1kn.shop.,shop,,
37342,98htvs7df6rh0qu2o3p310lpn282kvn6.shop.,shop,,
37343,gypelaa.shop.,shop,,
37344,wuyuanlong186.xyz.,xyz,,
37345,nq69.art.,art,,
37346,mareluzenerxia.gal.,gal,,
37347,clintandmari.com.,com,,
37348,m7ao02hava95p70p954i3cr52fgob4fs.top.,top,,
37349,14hvo97s0badhhq6d41206ket5j7j75p.shop.,shop,,
37350,saintsofarabia.com.,com,,
37351,johnnywad.band.,band,,
37352,sliusortl615-so-net.xyz.,xyz,t,2022-05-25
37353,jyrobot-tw.com.,com,t,2022-06-11
37354,shigoroku.tech.,tech,,
37355,paviyah.com.,com,,
37356,8378c7e73q5e0hv94sgeopf5ggjdfte7.com.,com,,
37357,szxsbhdls.com.,com,,
37358,umsjpn.com.,com,,
37359,vp2dnpf9lkoe4i3n0q70t5p1j1lgua8d.shop.,shop,,
37360,estudabrasil.club.,club,,
37361,nordicyogi.life.,life,,
37362,tommyboy-entertainment.com.,com,,
37363,bn23y.icu.,icu,,
37364,tomhassallfilmmakerportfolio.com.,com,,
37365,support-disk.site.,site,,
37366,fashiondaily.shop.,shop,,
37367,aspal.shop.,shop,,
37368,fyxxjzx.com.,com,,
37369,ut1g12g51jegcisuhj8vcgghkom1vt7b.shop.,shop,,
37370,showbuzzz.com.,com,,
37371,mallsbt.xyz.,xyz,,
37372,tofary.xyz.,xyz,,
37373,kuidtn.lol.,lol,,
37374,fastcut.pro.,pro,,
37375,ntrxjh.xyz.,xyz,,
37376,duifu4.life.,life,,
37377,shopexpresltd.com.,com,,
37378,aut-omatic.com.,com,,
37379,arcadioliveres.com.,com,,
37380,holmesmisterhoms.mom.,mom,,
37381,dads.church.,church,,
37382,2ff4oh4e7nb00p2hscjjur7qj1ljf22h.top.,top,,
37383,lyupt.top.,top,,
37384,eur.cam.,cam,,
37385,mineacg.xyz.,xyz,,
37386,1wrgi.top.,top,,
37387,anjin.vip.,vip,,
37388,visa288xl.com.,com,,
37389,rmkshop.website.,website,,
37390,sab-consulting-ug.com.,com,,
37391,7kr0yo.shop.,shop,,
37392,6690kk.com.,com,,
37393,fo74c4i8f7pebmp452r1fjguks1edds3.top.,top,,
37394,joineoa.life.,life,,
37395,606.plus.,plus,,
37396,7hc2ol5d22fgpet51dla4p7e3c22ctg0.top.,top,,
37397,ricogang.com.,com,,
37398,ns2.missowe.cyou.,cyou,,
37399,fp52nksgig4kqonalpc6n6njvt8m568i.shop.,shop,,
37400,3jdj4eg289n485gsb6rmc4pigm0oeef9.shop.,shop,,
37401,eecsi.site.,site,,
37402,vesely.tech.,tech,,
37403,9m6jfb3n6dioag51f5d846l8g98anev0.top.,top,,
37404,phbk4udhmiq3thlhco81qu0ks4qujb2t.top.,top,,
37405,kingsofstreet.xyz.,xyz,,
37406,c7j8kk8u7t0brfgnqgb11ladr897djes.shop.,shop,,
37407,1wibz.top.,top,,
37408,guccitv.xyz.,xyz,,
37409,v55625.com.,com,,
37410,6021.xyz.,xyz,,
37411,vdsqdnc0k24uk4vi3vndlubib1c9jd1u.shop.,shop,,
37412,fatpanda.tech.,tech,,
37413,qgok34uido2mv98majek4ee2ljei038d.top.,top,,
37414,homeshopping.vip.,vip,,
37415,theriseprojectatx.shop.,shop,,
37416,coinbbse.com.,com,t,2022-05-17
37417,9qvpid7k4mvqgebttgrqqai89elvdq19.lat.,lat,t,2022-05-18
37418,jiu3ti6fmi3lik0mkip1a9g6pkgd58r7.lat.,lat,t,2022-05-18
37419,matamask.lol.,lol,t,2022-05-19
37420,mondire.com.,com,t,2022-06-11
37421,bkud8ob0jt8puokoplro6d723h8kn1jo.shop.,shop,,
37422,zulandar.com.,com,,
37423,letstry.cloud.,cloud,,
37424,gijfijgijdfijgf.xyz.,xyz,,
37425,n12.top.,top,,
37426,companiesapp.com.,com,,
37427,sxcf6.top.,top,,
37428,frugged.world.,world,,
37429,luongyhoangvandong.click.,click,,
37430,csm0oo0gbtcp4ncuht17sudvap5fnmrf.shop.,shop,,
37431,mytwocents.llc.,llc,,
37432,mahttmsr.news.,news,,
37433,arcon5.com.,com,,
37434,doublecoconut.shop.,shop,,
37435,8khd766cdjb5j9eoijt4j2cs5iudgkm6.shop.,shop,,
37436,erc-mrisei-jp.xyz.,xyz,,
37437,49eitvrbl36kp5i1e942a9sbsgk3e4po.shop.,shop,,
37438,kongedronning.com.,com,,
37439,electricsuvs.blog.,blog,,
37440,marlou.marloutest.website.,website,,
37441,attasholdings.shop.,shop,,
37442,edeneo.science.,science,,
37443,botprotection-download.top.,top,,
37444,we-win.tech.,tech,,
37445,degen-society.xyz.,xyz,,
37446,52119.deals.,deals,,
37447,netanime.xyz.,xyz,,
37448,ns2.hitties.cyou.,cyou,,
37449,oneke.top.,top,,
37450,zzrhomej.shop.,shop,,
37451,laboutique-ml.shop.,shop,,
37452,6a52f.top.,top,,
37453,cameiolu.shop.,shop,,
37454,jindaj.xyz.,xyz,,
37455,5wj2ydsb.xyz.,xyz,,
37456,g6122.xyz.,xyz,,
37457,6bk8mn1b27icbovk8do6hp8k40736176.shop.,shop,,
37458,vexmagazine.shop.,shop,,
37459,landofallstars.com.,com,,
37460,18avqb.com.,com,,
37461,stcph-pp.shop.,shop,,
37462,cosminconstruction.ltd.,ltd,,
37463,arabgovernmentaward.com.,com,,
37464,asaaap.world.,world,,
37465,shuangying.shop.,shop,,
37466,jmj2rm0vk26pj09f6omj1tfebjad0t9s.top.,top,,
37467,austrianow.site.,site,,
37468,rce.town.,town,,
37469,gucciusa.xyz.,xyz,,
37470,bj555.shop.,shop,,
37471,dpt2i4a5v2ipf2lh67ucqessqhtbga3d.shop.,shop,,
37472,s32w39.top.,top,,
37473,ribosom.xyz.,xyz,,
37474,becausegodsaidicould.biz.,biz,,
37475,urbansouthgroup.shop.,shop,,
37476,digitprism.tech.,tech,,
37477,wouvx3buqz.xyz.,xyz,,
37478,slug-collab.xyz.,xyz,,
37479,digitalfans.shop.,shop,,
37480,kjhgre.club.,club,,
37481,taguna24.xyz.,xyz,,
37482,xkadash.xyz.,xyz,t,2022-05-17
37483,1a7tpi8jm7gqclqqdv9r0j4qi37j0lpq.lat.,lat,t,2022-05-18
37484,writearoundtexas.com.,com,t,2022-05-18
37485,dlb1118.com.,com,t,2022-06-11
37486,entertain.mom.,mom,,
37487,volgokorea.shop.,shop,,
37488,9j7qou5o7v00tk8m31669cie9roo3p6k.top.,top,,
37489,buc5nb1lqig0ebhi5lljb60gdm2sdbuf.shop.,shop,,
37490,qqikq.top.,top,,
37491,s88b0a95rju14c3ofavfo3c8be5t4s5e.shop.,shop,,
37492,i-love-your.mom.,mom,,
37493,05830hcdg649h8f93684hng8epomsu50.shop.,shop,,
37494,flython.ltd.,ltd,,
37495,awslinux030.space.,space,,
37496,li55.club.,club,,
37497,3fe69e2mp5jjk3pd0v5mv11f9aljb3r6.top.,top,,
37498,angelsgate.shop.,shop,,
37499,adartfotografia.com.,com,,
37500,softwareguide.tech.,tech,,
37501,9dd2kgmgi0l2lria8l6b65sq458p34hg.top.,top,,
37502,milangamble.space.,space,,
37503,kthelsq4tqjeujquh9sjfi9d6gur7kh3.top.,top,,
37504,huahailou12.cam.,cam,,
37505,acessopainel.xyz.,xyz,,
37506,apeclaimdrop.xyz.,xyz,,
37507,gugunet.xyz.,xyz,,
37508,falnsdfa.xyz.,xyz,,
37509,noruffdays.coffee.,coffee,,
37510,nu7nd8kimi628v8escmc8hufhhtkq75u.xyz.,xyz,,
37511,citynet.top.,top,,
37512,uhgfdsff.top.,top,,
37513,mustaphapropertygroup.com.,com,,
37514,passtoken.xyz.,xyz,,
37515,gacorterus.vip.,vip,,
37516,ketoqysatfat.xyz.,xyz,,
37517,ub6bo3p262psn17nptvjup7tn0eifjfl.shop.,shop,,
37518,04gd93597ta2ge788vkvtt32034d4sht.com.,com,,
37519,meritage.xyz.,xyz,,
37520,marthasvineyardgifts.com.,com,,
37521,666v55.com.,com,,
37522,fnxobjrzqf.xyz.,xyz,,
37523,aj2cuefvab8lp3obkn1huvfpiqoaehj4.shop.,shop,,
37524,camillasboutique.shop.,shop,,
37525,geegees.link.,link,,
37526,kcxuy.top.,top,,
37527,pflegekraft.digital.,digital,,
37528,7kcmz.com.,com,,
37529,ns1.samplesites.space.,space,,
37530,churchw.xyz.,xyz,,
37531,travers-brazil.legal.,legal,,
37532,healthywater.today.,today,,
37533,wadade.site.,site,,
37534,ancientegypt.pics.,pics,,
37535,besecque.site.,site,,
37536,eviltoken.xyz.,xyz,,
37537,pk1sports-14.xyz.,xyz,,
37538,j7ajc4cmcq7v59fl6f23hrpvbc1a7hpu.top.,top,,
37539,3fpl86ghar5j440re20ak82c9b41nojd.shop.,shop,,
37540,noah.studio.,studio,,
37541,ob6ilml8t7g3pl02mop1ci7dpks5v24m.shop.,shop,,
37542,untanglecounselling.com.,com,,
37543,starcd.com.,com,,
37544,classroomtostage.com.,com,,
37545,14gcf3coku997q8p7l8t5tv9j68fa2h4.shop.,shop,,
37546,du-shop.shop.,shop,,
37547,goooak.com.,com,,
37548,20242043.xyz.,xyz,,
37549,moneycountryvalues.mom.,mom,t,2022-05-18
37550,telescope.parts.,parts,t,2022-05-19
37551,anonymousmask.finance.,finance,t,2022-05-19
37552,allowmakeagainst.xyz.,xyz,t,2022-06-01
37553,awslinux023.space.,space,,
37554,d0ht24t9ku3op2om02u3qurelcaq0rq5.top.,top,,
37555,43398.deals.,deals,,
37556,xd5auu6kwnqih2.life.,life,,
37557,gunanssr.xyz.,xyz,,
37558,jfgsdfeth.shop.,shop,,
37559,schnupfen.shop.,shop,,
37560,putwaitsclearly.mom.,mom,,
37561,neovantagetech.tech.,tech,,
37562,prosperando.site.,site,,
37563,jgp68hcsnt35gtum0kss2q6a5j2p39r4.top.,top,,
37564,ourseasons.shop.,shop,,
37565,ttttpnhiefogap61vf0352mvkooah4tr.shop.,shop,,
37566,prosystem.agency.,agency,,
37567,gt7.top.,top,,
37568,ncx60.xyz.,xyz,,
37569,stop-moisissure.com.,com,,
37570,ngoclinhsam.shop.,shop,,
37571,cukpipiqcm7c1fs53ppju8e4v670ig8d.shop.,shop,,
37572,gorilan.xyz.,xyz,,
37573,shiningkorea.com.,com,,
37574,janeybakes.com.,com,,
37575,qv9hnq.xyz.,xyz,,
37576,estershire.cfd.,cfd,,
37577,blakeandvanessa.com.,com,,
37578,nbba9.top.,top,,
37579,gunodi.xyz.,xyz,,
37580,fitnessartmartial.shop.,shop,,
37581,web3ork.xyz.,xyz,,
37582,poker1one-5.xyz.,xyz,,
37583,torevoy.com.,com,,
37584,5633.men.,men,,
37585,blockocean.xyz.,xyz,,
37586,isoc365.cloud.,cloud,,
37587,qzblrh.shop.,shop,,
37588,masterburguer.site.,site,,
37589,hasitall.farm.,farm,,
37590,officeyoshi.com.,com,,
37591,b351iom17usff33gjpebnbu931rs2sjq.shop.,shop,,
37592,ijijfijsdsdfd.xyz.,xyz,,
37593,ns26.whatsapp-dp-images.com.,com,,
37594,523sd.com.,com,,
37595,scottbyrd.world.,world,,
37596,firedev.agency.,agency,,
37597,currader.xyz.,xyz,,
37598,cybershield.training.,training,,
37599,232.deals.,deals,,
37600,cantynis.com.,com,,
37601,blakksage.shop.,shop,,
37602,4ssr3z.shop.,shop,,
37603,picturesmade3d.com.,com,,
37604,l3mq1b6ee2dcfndkfci2nccrgre8firo.top.,top,,
37605,jsqhqf8oks2e4p3i5ui01hb78t9j0sed.shop.,shop,,
37606,bicestercollection.charity.,charity,,
37607,myindia.today.,today,,
37608,sa5369eq6sp6ccggjdgmskbk0vbl1jcs.top.,top,,
37609,m8hn3l3ng4kapqmq5pmnsteh5va5k7uf.top.,top,,
37610,cs-shunyi.com.,com,,
37611,e55.life.,life,,
37612,qn4.xyz.,xyz,,
37613,ectranano.com.,com,,
37614,eden.band.,band,,
37615,eguf.life.,life,,
37616,mundivips.tech.,tech,t,2022-05-18
37617,saleroots.com.,com,t,2022-05-20
37618,bikt8earance.xyz.,xyz,t,2022-06-05
37619,visagege.com.,com,t,2022-06-11
37620,rq60ccd0dd2d977nfalptoru7g34d9qa.shop.,shop,,
37621,83jpmmoupiitfsorpbr8k5ndhvju5uns.top.,top,,
37622,zukunftskind.world.,world,,
37623,ketoynijoshop.xyz.,xyz,,
37624,vtshxy92.xyz.,xyz,,
37625,savageandwildclothingco.com.,com,,
37626,rguispgd0ljt02b4kmkjaj3no48juup6.top.,top,,
37627,metatgi.xyz.,xyz,,
37628,cryptomarket.asia.,asia,,
37629,web3trail.xyz.,xyz,,
37630,kwxht0515.fit.,fit,,
37631,bennyspetsupplyplus.com.,com,,
37632,2r190n62o81kc4336rk3vd9vl7ic58v7.shop.,shop,,
37633,solaryogacenter.com.,com,,
37634,proyecto-final.xyz.,xyz,,
37635,rd84t8vgbehgn6duerdc8i705070irrs.top.,top,,
37636,pqblnijxst.xyz.,xyz,,
37637,14kk.xyz.,xyz,,
37638,gantbthkmm688.com.,com,,
37639,ca415canjlg92n3um4frj46vpgavl832.shop.,shop,,
37640,bitjungle.xyz.,xyz,,
37641,ifyds.com.,com,,
37642,darakaye.beauty.,beauty,,
37643,laiyunbao.com.,com,,
37644,dh91k.xyz.,xyz,,
37645,workfrhome3.xyz.,xyz,,
37646,d5gqhnse6493i1ukirfage8jomksuulk.autos.,autos,,
37647,thinglifespendrooms.mom.,mom,,
37648,5m8er8elma5utuvatu48d2ficifmrvha.top.,top,,
37649,bankofbarodaghana.com.,com,,
37650,uscostco.site.,site,,
37651,vorersomoy24.xyz.,xyz,,
37652,ouwb.top.,top,,
37653,zcxioznb.shop.,shop,,
37654,klik.cam.,cam,,
37655,heflplu7o9do42uodvs0t5a0lm79jnp9.shop.,shop,,
37656,renterfaq.com.,com,,
37657,casualelsalvador.com.,com,,
37658,benbowman.site.,site,,
37659,amura.world.,world,,
37660,awttwwixmf.biz.,biz,,
37661,gwjrld.lol.,lol,,
37662,ancillaryinsurance.life.,life,,
37663,prostinc.com.,com,,
37664,zmkj.shop.,shop,,
37665,josephgplata.com.,com,,
37666,emajvhu6c310isa956os6polbe2vtkoe.shop.,shop,,
37667,wb166.xyz.,xyz,,
37668,10c594rncr633prh9c40ibp09f3pt86m.shop.,shop,,
37669,trohi.shop.,shop,,
37670,qdgob6koqnel95jc9v22vpiuoduu7jr7.shop.,shop,,
37671,xn--o39at7hcwfedu4xudu52e.site.,site,,
37672,8k7as6heq5uc0m52ht5ieh1t0ctr51j5.shop.,shop,,
37673,xiaocloud.cyou.,cyou,,
37674,ktrc4emaq16embu8thtlstevp04gt0kr.shop.,shop,,
37675,01f80iod3q5ii48me0v4i2n3cicdvutc.top.,top,,
37676,ns1.bombleads.biz.,biz,,
37677,pfhkl.top.,top,,
37678,zbeklu.shop.,shop,,
37679,lei4519.top.,top,,
37680,a2vekan11niqb6t07uensjdgshbqtec2.shop.,shop,,
37681,mtt.quest.,quest,,
37682,mt43odb68jg426o32jmrqnj2fk484tl6.top.,top,,
37683,hto5qsbba4mrcer6rc71ifcf43di606b.shop.,shop,,
37684,o4vk5o1vf44kd2n63kc7qu8perh2gd7l.shop.,shop,t,2022-05-18
37685,33w50.xyz.,xyz,,
37686,51wy.top.,top,,
37687,transferall.shop.,shop,,
37688,oltuml433elp0b5fi5lmaubeg1m8av84.shop.,shop,,
37689,ysyyj.top.,top,,
37690,chapter5band.com.,com,,
37691,francohandyman.com.,com,,
37692,tarotekseni.click.,click,,
37693,mortgagehx.com.,com,,
37694,mysleevie.com.,com,,
37695,a2e0d6upnjj82q6r4kkdg6qa8bd8qcvr.top.,top,,
37696,kunald.xyz.,xyz,,
37697,royalark.shop.,shop,,
37698,a62p91pcg9v0qqpi1hi5te1ud10d3stt.shop.,shop,,
37699,tt6.autos.,autos,,
37700,successbrand.xyz.,xyz,,
37701,gttth.cyou.,cyou,,
37702,owesfly.space.,space,,
37703,klife.ltd.,ltd,,
37704,desbrocesvalles.com.,com,,
37705,aresadbecauseyou.xyz.,xyz,,
37706,ddjobapp.com.,com,,
37707,techsbt.xyz.,xyz,,
37708,wwwqa129.xyz.,xyz,,
37709,hirus.site.,site,,
37710,sb9plbbk3934e7g5uh7ajscakn5nem3e.top.,top,,
37711,nz.world.,world,,
37712,ik1qsvummgfflj1sgcqit4noak17hrkm.shop.,shop,,
37713,christiancoltonillustrations.com.,com,,
37714,wbd.movie.,movie,,
37715,liftprods.space.,space,,
37716,souhaib.shop.,shop,,
37717,loloyslolo.space.,space,,
37718,traumainformed.church.,church,t,2022-06-20
37719,i7i2m06hn32d9vlt1l9i52m2tnisvatk.top.,top,,
37720,ass-smacking-good.com.,com,,
37721,woccc.top.,top,,
37722,pqe7qoh2315iiq1sg0arcsksca5qiq4u.shop.,shop,,
37723,surhyp.shop.,shop,,
37724,ustaxkeeper.com.,com,,
37725,xs4bmh8oezdlex.life.,life,,
37726,taoruan.top.,top,,
37727,quird.shop.,shop,,
37728,saltlab.tech.,tech,,
37729,476957.com.,com,,
37730,8meob4v9u6qacbd64v66dfnb7qbrk7nu.services.,services,,
37731,nbhentai.site.,site,,
37732,adsjozz.xyz.,xyz,,
37733,trackingfora.com.,com,,
37734,654flippaz.com.,com,,
37735,bingobingodeal.casino.,casino,,
37736,hazelo.shop.,shop,,
37737,maxey6.tech.,tech,,
37738,saumyaranjandas.tech.,tech,,
37739,cryptotwunk.com.,com,,
37740,letsplaynowgo.space.,space,,
37741,launchstories.xyz.,xyz,,
37742,cooltech.gifts.,gifts,,
37743,ns2.nextco.space.,space,,
37744,mmpepay25.xyz.,xyz,,
37745,vipermedia.xyz.,xyz,,
37746,smpfo.com.,com,,
37747,careverbshare.xyz.,xyz,,
37748,mironlox.xyz.,xyz,,
37749,toco.club.,club,,
37750,jktvtj.top.,top,,
37751,idea2012.monster.,monster,t,2022-05-25
37752,microdns.asia.,asia,t,2022-06-07
37753,azmb.shop.,shop,,
37754,hocvienmkt.shop.,shop,,
37755,3309cm8y.xyz.,xyz,,
37756,theshadehome.com.,com,,
37757,lzhg.xyz.,xyz,,
37758,xn--mvsr5bii.xn--6qq986b3xl.,xn--6qq986b3xl,,
37759,dermisweet.com.,com,,
37760,topupnft.com.,com,,
37761,rcentthe.xyz.,xyz,,
37762,onisahub.mom.,mom,,
37763,lonseenru.cfd.,cfd,,
37764,q1hlp8ngbv060an8jim0pm3c3o8316ke.top.,top,,
37765,b30l43ibp7h11s61d1b9kdqn8lh0mgr4.top.,top,,
37766,jinanshiye.com.,com,,
37767,iconattheo2.shop.,shop,,
37768,gcntpofodti562f1utt4igd28lipkidp.shop.,shop,,
37769,0vhqh8v8m4ht8tr028a3nv83s8v0rgja.top.,top,,
37770,hogs.house.,house,,
37771,gymkasmz.mom.,mom,,
37772,wepresent.shop.,shop,,
37773,lixn62ft.cfd.,cfd,,
37774,biolofo.shop.,shop,,
37775,l6d04dn4bc8hirsm8rnqs51vbhpfc8lf.shop.,shop,,
37776,2vxl.top.,top,,
37777,charlesfrith.com.,com,,
37778,suudify.shop.,shop,,
37779,kiobet4d.site.,site,,
37780,wherhu.com.,com,,
37781,koitew.click.,click,,
37782,53hnbaehgg6khlcl13bqflgrnrhq6u8f.shop.,shop,,
37783,3ya.vip.,vip,,
37784,nkwffk.lol.,lol,,
37785,961eo6.shop.,shop,,
37786,s903.top.,top,,
37787,hq77dn.xyz.,xyz,,
37788,allschools.asia.,asia,,
37789,mtchej17uvnn8t231nsc7r64p8uc0vbq.shop.,shop,,
37790,weinv6.xyz.,xyz,,
37791,a779lpabgi6vikjur2ol1dn99j2pmnuv.shop.,shop,,
37792,5qeg90hnqo26p093h69f7mheo7qustgl.top.,top,,
37793,bitmexff.com.,com,,
37794,metamesk.website.,website,,
37795,newstrends.xyz.,xyz,,
37796,algorithmicseo.xyz.,xyz,,
37797,moondana.space.,space,,
37798,missowe.cyou.,cyou,,
37799,bonnylassdesigns.com.,com,,
37800,15hq5diei4kb072ctalorp304h2034m3.shop.,shop,,
37801,eurogalleryartcafe.shop.,shop,,
37802,youe.wang.,wang,,
37803,n9cl2b8tjgcu76e3frcta82avtvpdcho.shop.,shop,,
37804,milanlasersanbernardino.com.,com,,
37805,yourinformfile.space.,space,,
37806,950517.xyz.,xyz,,
37807,leeturpinpc.com.,com,,
37808,blauk.shop.,shop,,
37809,settlemycivilcase.com.,com,,
37810,xn--cckhd7a4d4cd3huq.com.,com,,
37811,ns1.httpsrecordtest.xyz.,xyz,,
37812,cc3z.top.,top,,
37813,aiid.top.,top,,
37814,3db1ad5knvrfcg7ohk7uhalu409j6jnp.cafe.,cafe,,
37815,uqb6oquc9mkktna1l0o6v3nhbn95ma10.top.,top,,
37816,es63rgm0hrq1g9hi55q29iptk2ri7p1f.lat.,lat,t,2022-05-18
37817,uuebus.xyz.,xyz,t,2022-05-24
37818,parissoiieeujhakskjdhj.xyz.,xyz,t,2022-06-01
37819,gidgetsgrinds.com.,com,t,2022-06-02
37820,3b1vgampag9m5e6c4ajrioglk5s4ldco.shop.,shop,,
37821,xn--yfr462c10ilvt.tech.,tech,,
37822,justkeepgrowing.blog.,blog,,
37823,bpoc9ilqq14s8hnfng707ndrnns7vt9j.space.,space,,
37824,pp33ss.com.,com,,
37825,988iu15kvk0givf5siq1tvska4o7tobq.shop.,shop,,
37826,jumatpulsa.xyz.,xyz,,
37827,vod60.com.,com,,
37828,gmm.today.,today,,
37829,53350.xyz.,xyz,,
37830,t7ne1el68r50u324i4l253eqj133ts1v.top.,top,,
37831,koig.xyz.,xyz,,
37832,escortbodyguards.com.,com,,
37833,v5m3aue5pa4pk5q2iunq0fduttoqp7o0.shop.,shop,,
37834,besl7tpq3pgruuv3jd1j9ul76erap44f.shop.,shop,,
37835,manakupadhyay.tech.,tech,,
37836,yasmeenwilson.com.,com,,
37837,jdjingxi.shop.,shop,,
37838,luchadorfoodtruck.com.,com,,
37839,638538.xyz.,xyz,,
37840,yinzhi.tech.,tech,,
37841,weixin-weixin27.shop.,shop,,
37842,stepwallet.xyz.,xyz,,
37843,amandamarfinati.com.,com,,
37844,tap.autos.,autos,,
37845,curviest77bod.com.,com,,
37846,pumpdeliver.com.,com,,
37847,alax-aungjawjaw.digital.,digital,,
37848,ccey.top.,top,,
37849,us4n9lrvsr21k2m9b8iiuibnr71nldvm.shop.,shop,,
37850,kilmorecreations.shop.,shop,,
37851,gloaming.shop.,shop,,
37852,buliangdhqq.xyz.,xyz,,
37853,mtransactions.com.,com,,
37854,xd4b25wq4vp60q.life.,life,,
37855,motobolasport-12.xyz.,xyz,,
37856,virtualplanet.shop.,shop,,
37857,qqhbc.xyz.,xyz,,
37858,printdocs.xyz.,xyz,,
37859,bestgamehack.club.,club,,
37860,babyformulastore.com.,com,,
37861,rlr8sa8t494sjc3nt5rfaae2tp40jps1.shop.,shop,,
37862,epoxidharz-tisch.shop.,shop,,
37863,gti2b998h5ttg7h7lacohvu6j471s2mk.top.,top,,
37864,jyedg.top.,top,,
37865,justballout.com.,com,,
37866,xu4bk6bdcix2fh.life.,life,,
37867,waterhandtraditional.mom.,mom,,
37868,lifewithmarjana.xyz.,xyz,,
37869,m8j4mt91l6r8v0v0hd8mg8cqkloci95b.top.,top,,
37870,57vfbg.shop.,shop,,
37871,k6k4cr.shop.,shop,,
37872,pastelpandas.xyz.,xyz,,
37873,neocash.xyz.,xyz,,
37874,xpese.xyz.,xyz,,
37875,bulldogfloorcoatings.com.,com,,
37876,scandinavian.gallery.,gallery,,
37877,spo-labs.space.,space,,
37878,timmy.quest.,quest,,
37879,yaimhsound.com.,com,,
37880,harrygreb.site.,site,,
37881,6654col.top.,top,,
37882,moneymining.pro.,pro,,
37883,consite.xyz.,xyz,,
37884,cryptososimple.com.,com,,
37885,sescor.site.,site,,
37886,id-cju2bha3uja98ua3ya91u1gd91ya26tga.xyz.,xyz,t,2022-05-17
37887,elon-x2.space.,space,t,2022-05-18
37888,forcedrinksurprise.xyz.,xyz,t,2022-06-01
37889,usedapacheboat.sale.,sale,,
37890,pp98.kim.,kim,,
37891,unityeventcenter.com.,com,,
37892,newkaarll.shop.,shop,,
37893,ns1.readygotv.com.,com,,
37894,gutenacht.top.,top,,
37895,gdzhikexing.com.,com,,
37896,4hniqk46bp589ecrojcac23qr9u7i5k2.shop.,shop,,
37897,ajhardwoods.com.,com,,
37898,dieting0o.xyz.,xyz,,
37899,vswo.shop.,shop,,
37900,hospitaldownspoint.mom.,mom,,
37901,suplidorajm.com.,com,,
37902,naturalstatecycling.com.,com,,
37903,pickalots.com.,com,,
37904,blue-goodluck.space.,space,,
37905,iamthisoares.com.,com,,
37906,4pguves7dln2uuctok1u40hc9otv62oa.shop.,shop,,
37907,p7rh9qvusu0pcqqdmve188led96fujnf.shop.,shop,,
37908,sarahtraviskoch.com.,com,,
37909,devbot.cloud.,cloud,,
37910,flheyusk.xyz.,xyz,,
37911,rzgjbhfi.mom.,mom,,
37912,cqq.world.,world,,
37913,regrowth.today.,today,,
37914,k9wh4qb1l3s6.com.,com,,
37915,kdgqgs.com.,com,,
37916,xinwangmucai.top.,top,,
37917,happinessisnotabout.xyz.,xyz,,
37918,solarpowered.life.,life,,
37919,maa.plus.,plus,,
37920,youngrock.world.,world,,
37921,aphroditelux.com.,com,,
37922,ldjjvifqtmm69ikksb7l9tqeefii97m4.shop.,shop,,
37923,yy006.top.,top,,
37924,3c657snkt2cdg1qc52uep3eaj19tu5vk.top.,top,,
37925,5555llll.top.,top,,
37926,kwfashion.fans.,fans,,
37927,dannerboutique.shop.,shop,,
37928,dem.media.,media,,
37929,clubzero.shop.,shop,,
37930,ketoupazushop.xyz.,xyz,,
37931,topsail.top.,top,,
37932,chiapas.xyz.,xyz,,
37933,medic1.cyou.,cyou,,
37934,24dq4bqurm4583bebkf5r8nr7o5vemc9.top.,top,,
37935,jennyshappyart.art.,art,,
37936,qs37o4hovhgqnlgld7g8sjb7uq5djqhe.shop.,shop,,
37937,sfjzf-sx.top.,top,,
37938,oxeuhiae.top.,top,,
37939,shenghuomiaomiaojiao.top.,top,,
37940,tv9q62197btog2gljv9rbhind7pe74cd.shop.,shop,,
37941,xhzrrl.com.,com,,
37942,ngefilm.asia.,asia,,
37943,iikkm.top.,top,,
37944,simplywhite.xyz.,xyz,,
37945,dmnhx.top.,top,,
37946,painstaking.shop.,shop,,
37947,beenzindia.com.,com,,
37948,yu8t.top.,top,,
37949,nalqzj.lol.,lol,,
37950,ketoeqonupslim.xyz.,xyz,,
37951,yuolla.xyz.,xyz,,
37952,staugebike.com.,com,,
37953,mgtvcubmfae.xyz.,xyz,t,2022-05-17
37954,seaweed.lol.,lol,t,2022-05-19
37955,formeventcount.xyz.,xyz,t,2022-06-01
37956,debt.cfd.,cfd,t,2022-06-03
37957,wajtdu.shop.,shop,t,2022-06-08
37958,stateprogrambeyond.mom.,mom,,
37959,gzol.top.,top,,
37960,blackhippie.shop.,shop,,
37961,miracus.games.,games,,
37962,cqasgh.lol.,lol,,
37963,meadowbrook.ltd.,ltd,,
37964,fb4bfb9t6ls779efk26daboh7c4n38m1.com.,com,,
37965,revhomedepot.site.,site,,
37966,planet.cfd.,cfd,,
37967,xn--69s479a.biz.,biz,,
37968,senhai.ltd.,ltd,,
37969,rogersunited.tech.,tech,,
37970,12368.shop.,shop,,
37971,earthereus.xyz.,xyz,,
37972,e271.top.,top,,
37973,hjqq18.com.,com,,
37974,1weid.top.,top,,
37975,mkuias.space.,space,,
37976,watereyedaycouple.mom.,mom,,
37977,kynmmmkmxg.xyz.,xyz,,
37978,38g5ebs1th5qhihd7278ka9v3lvrjbq5.shop.,shop,,
37979,kaitsuburidao.com.,com,,
37980,cam1.xyz.,xyz,,
37981,9kce9l4sa67ut4llablieijm9bf4arub.shop.,shop,,
37982,watchsports.site.,site,,
37983,martinay.shop.,shop,,
37984,possible-life.com.,com,,
37985,zhiyue.vip.,vip,,
37986,wisbauv4521.vip.,vip,,
37987,niohouston.pro.,pro,,
37988,tomobataraki.biz.,biz,,
37989,galacticattack.shop.,shop,,
37990,voraciousblesstelling.com.,com,,
37991,sepfss.cyou.,cyou,,
37992,rdxhd.space.,space,,
37993,wdfcn.life.,life,,
37994,blockgem.xyz.,xyz,,
37995,ycwang01.top.,top,,
37996,kvr04l9apbnmhmraf0mgfud7c9u7kt0j.top.,top,,
37997,pointlifegunscontrol.mom.,mom,,
37998,j0de0tqa0q2erm4l1realj7vd4kv9mmf.top.,top,,
37999,vedgecohawaii.com.,com,,
38000,4bemddfe2ldcvi2hpnf0rgiknmchfacl.shop.,shop,,
38001,7mfqucmlbo3l0k64a6dlve51aciei934.top.,top,,
38002,v3c4f5f7mog0v8d9rcjjdv1bdkjpmcl7.shop.,shop,,
38003,bazarchino.tienda.,tienda,,
38004,jfeac057cb71mfjdv437urfsan4ifh0b.shop.,shop,,
38005,proto.recipes.,recipes,,
38006,11pvehal0ug7h6hmesbujiaf8uqm7gqr.realtor.,realtor,,
38007,xn--vhq58fl12cgbp.xn--vhquv.,xn--vhquv,,
38008,emberlyeats.world.,world,,
38009,ca3mmxgv.xyz.,xyz,,
38010,sme.icu.,icu,,
38011,ecommercerural.shop.,shop,,
38012,frgyia.site.,site,,
38013,visualizehr.tech.,tech,,
38014,f7jjucemou199e4t1jfejfpluiveddi0.top.,top,,
38015,mhuhhezcpf.xyz.,xyz,,
38016,boombanners.shop.,shop,,
38017,salesx.shop.,shop,,
38018,blocktrend.xyz.,xyz,,
38019,1901.holdings.,holdings,,
38020,g82onnm9q6e26b8tqp3lt1qp8c0fe674.top.,top,,
38021,soshial.club.,club,,
38022,mesinslot.click.,click,,
38023,signaturewhites.com.,com,,
38024,k5pkeci8u0hl3fl8dskb86ppiheke48k.lat.,lat,t,2022-05-18
38025,xn--42c0ca2b6a1ck5h5c.com.,com,t,2022-05-23
38026,vagon.shop.,shop,,
38027,hw6.xyz.,xyz,,
38028,ghostkid.xyz.,xyz,,
38029,k9066.site.,site,,
38030,nforengland.cfd.,cfd,,
38031,0th876teusqhda8k4k2j394vmrgobt22.shop.,shop,,
38032,ymkj.top.,top,,
38033,s37tnme9oqoobcdvdcal5bgdo486r5qd.top.,top,,
38034,cryptosiberia.space.,space,,
38035,v1g.top.,top,,
38036,kudadjingkrak.tech.,tech,,
38037,troywilliams.xyz.,xyz,,
38038,7c45.com.,com,,
38039,xpro.life.,life,,
38040,np1kevhupnqjijgbkbh03a079cn9qp0a.top.,top,,
38041,awesomedev.xyz.,xyz,,
38042,revival.icu.,icu,,
38043,xn--d1aciahsddew5d7c.shop.,shop,,
38044,decide2act.site.,site,,
38045,nfv0sr77gnkd9fobd0tbbv14vt0flm20.com.,com,,
38046,amazonkindlescribe.com.,com,,
38047,arianamichw.space.,space,,
38048,qutr2afu4rrjtklm9m38du02emh0cc7l.top.,top,,
38049,wizertestacc.shop.,shop,,
38050,7akcc0.shop.,shop,,
38051,u0an65sv8i7j6asej0usqs7jnb5pgprd.shop.,shop,,
38052,sattanielsmm.xyz.,xyz,,
38053,dk4buz61exz29m.life.,life,,
38054,nrl3mbjmosfhd86dt22kd2mnb2jf0ng0.shop.,shop,,
38055,gioiellidentali.com.,com,,
38056,uni-vizyon.com.,com,,
38057,pixxel2.xyz.,xyz,,
38058,xn--vbtr59l.xyz.,xyz,,
38059,aldirectconbens.space.,space,,
38060,slation.shop.,shop,,
38061,abtew.xyz.,xyz,,
38062,ns2.bluewhiteapps.xyz.,xyz,,
38063,cnmoe.xyz.,xyz,,
38064,lucent.marketing.,marketing,,
38065,ebiqdnegs5s443o86pjq5goeh0a55sdp.shop.,shop,,
38066,giganetperu.com.,com,,
38067,04jgmmtoc95v7m8rk4r43gvhgk04crcs.shop.,shop,,
38068,muabannhadat.today.,today,,
38069,66avo4iku4phgcsr0gnp31h8318q0ecl.xyz.,xyz,,
38070,tymnex.com.,com,,
38071,shivamrao.xyz.,xyz,,
38072,slothoki.lol.,lol,,
38073,1wmgs.top.,top,,
38074,sularr.xyz.,xyz,,
38075,noripoff.world.,world,,
38076,lr888.top.,top,,
38077,kimi-yose.site.,site,,
38078,hkcx5.top.,top,,
38079,pdata.work.,work,,
38080,fdkope9iou63qkum46doao2kjcnf6o0e.shop.,shop,,
38081,uvjvvkoqjmsv3qksvqc7gbn13jt3gne4.top.,top,,
38082,jgj0sth9vjfapargr4k1q4sadbi7ndmv.top.,top,,
38083,arma4rp.life.,life,,
38084,javalab.xyz.,xyz,,
38085,g4hig06mefegusnntm4oh4vr8bi0tf1s.shop.,shop,,
38086,bets-bc-nihat.xyz.,xyz,,
38087,milkcakeandchai.com.,com,,
38088,upski-jp.com.,com,,
38089,jonathanbaire.com.,com,t,2022-05-19
38090,gohsbuefuast270-biglobe.xyz.,xyz,t,2022-05-25
38091,kunden-srv.lol.,lol,t,2022-05-26
38092,zdh0yb.shop.,shop,,
38093,raidgamers.com.,com,,
38094,hsbjx.xyz.,xyz,,
38095,e72623g4hoev88p6inmc84n4fu947dpc.shop.,shop,,
38096,johnandnicciwedding.com.,com,,
38097,ukrainemall.shop.,shop,,
38098,nuuh6v.shop.,shop,,
38099,r5i9pjkld5nha31sc6v2mo5sh55l4url.top.,top,,
38100,gnq99.com.,com,,
38101,shadowyang.ltd.,ltd,,
38102,choketubechart.com.,com,,
38103,cjiafor.com.,com,,
38104,mycarecrew.asia.,asia,,
38105,onetapcart.shop.,shop,,
38106,m4.rocks.,rocks,,
38107,twizzles.tech.,tech,,
38108,xglljd.com.,com,,
38109,ltothex.top.,top,,
38110,bwbshop.xyz.,xyz,,
38111,legal-report.legal.,legal,,
38112,ch85u9g2ha2mdk39uucl699vriv56tbk.top.,top,,
38113,pitu.vip.,vip,,
38114,aiax.top.,top,,
38115,e2ap0o6ekksik6c97hs37g5tprg29vrr.top.,top,,
38116,nocarton.com.,com,,
38117,sjzzfw.com.,com,,
38118,rangespend.shop.,shop,,
38119,sanabespoke.jewelry.,jewelry,,
38120,gxat.xyz.,xyz,,
38121,ns1.outhome.cyou.,cyou,,
38122,sirinlabs.shop.,shop,,
38123,si.abbott.,abbott,,
38124,2hbqlu9m0qsc462go9rs63dm3kbei552.shop.,shop,,
38125,hazmecuento.shop.,shop,,
38126,thoughtfulwind.biz.,biz,,
38127,ns1.dxseed.top.,top,,
38128,verasnow.com.,com,,
38129,fga94l69j5tdsrhd4krd3j7a0j1s1p3e.shop.,shop,,
38130,ecooffice.xyz.,xyz,,
38131,buynetflixbd.com.,com,,
38132,b33dh.club.,club,,
38133,carolinaweddinggown.com.,com,,
38134,qqw10.top.,top,,
38135,itwillbelostforever.xyz.,xyz,,
38136,teachinghandwriting.com.,com,,
38137,7777nnnn.top.,top,,
38138,jinai.vip.,vip,,
38139,217wspain.com.,com,,
38140,7v6g9hn5m23lefpo7qbmc2g6f6vp2026.shop.,shop,,
38141,thenewniversity.com.,com,,
38142,rentsburgh.club.,club,,
38143,xiayukeji1688.com.,com,,
38144,gip6k4n2atd5trmb7ncar53lf9bgroaa.shop.,shop,,
38145,suveniry.shop.,shop,,
38146,kv5alv65nocnidv4enlle4cggksf74f5.top.,top,,
38147,ticketbaro.site.,site,,
38148,6g8njfpe63a695bmv7gbna0lr22hrpgs.shop.,shop,,
38149,levron.xyz.,xyz,,
38150,u6k45tsdcri84lttt210eeaei25blg2k.top.,top,,
38151,fgc6u0j4jngg1q9vo6s8pd74r8la1kml.top.,top,,
38152,060621195.xyz.,xyz,,
38153,mrknmarketplace.space.,space,,
38154,dfh45.top.,top,,
38155,marocbeauty.shop.,shop,,
38156,id-768567.space.,space,t,2022-05-17
38157,commtechsecurityllc.com.,com,t,2022-05-19
38158,fingbooks.site.,site,t,2022-06-02
38159,jiaoyimaonom1.xyz.,xyz,t,2022-06-02
38160,folamyi.shop.,shop,t,2022-06-11
38161,didsbt.xyz.,xyz,,
38162,simondarroch.com.,com,,
38163,alittle.tech.,tech,,
38164,meneller.com.,com,,
38165,mezvcj.lol.,lol,,
38166,atacadolojasmel.shop.,shop,,
38167,zydz.top.,top,,
38168,sideroundnine.xyz.,xyz,,
38169,metapo.media.,media,,
38170,shuobangwangluo.top.,top,,
38171,gbpnr7chub6kc75goumpikon44j4e5hj.shop.,shop,,
38172,xn--qq188-bra3z9g0t.xyz.,xyz,,
38173,okbuyshoes.shop.,shop,,
38174,kickassproofreader.com.,com,,
38175,p207lgrqt54lkt6uajobf0vs5olvvk8u.cleaning.,cleaning,,
38176,dfgdgj.top.,top,,
38177,peru-blog.space.,space,,
38178,atwqyr.shop.,shop,,
38179,cdfio1i1i31o90l7e5hojpnb4g94pnek.shop.,shop,,
38180,ca4b0phlbufeo9vjlgf83qs9klffr8hj.world.,world,,
38181,knts2o91avejnlpvol1nrm304fba0net.shop.,shop,,
38182,jiobp.shop.,shop,,
38183,simclothes.xyz.,xyz,,
38184,lbercaja-contigo.top.,top,,
38185,u5sjduqlp3j1e1e7265g51sqhniljjva.top.,top,,
38186,g3hvf5ke3kvesi6m5l1mjdcaf57p1ep7.shop.,shop,,
38187,wetruncate.lol.,lol,,
38188,ratechina.com.,com,,
38189,upreach.church.,church,,
38190,1wvkq.top.,top,,
38191,picture.church.,church,,
38192,lkhbdbpq1mi7ofbl8uiij4qlotaoliji.top.,top,,
38193,sbluo.top.,top,,
38194,d-api.xyz.,xyz,,
38195,tgimonday.biz.,biz,,
38196,ajlsfjlsaf.top.,top,,
38197,eaj2qeen3jsklcsr3rp4jqemmo9ggado.top.,top,,
38198,33w148.xyz.,xyz,,
38199,d2p6gbp019jtgbp28eb5e2cf7eedippv.shop.,shop,,
38200,stbsb.xyz.,xyz,,
38201,sakurasaro.shop.,shop,,
38202,rd02dek3snc1dqe337tq644jbkjdodjo.shop.,shop,,
38203,184jg5src2sfbnjjkqb2b0bd66a5eb4a.realtor.,realtor,,
38204,el4blcqris1sl86cpofuona8uk20agqq.shop.,shop,,
38205,5qmqcec72bc35a6l12ji2oupkjaim0go.top.,top,,
38206,9858.how.,how,,
38207,conwellpdx.site.,site,,
38208,sseu49ajjdvv89e3mfj4dpmje7rr5b8t.shop.,shop,,
38209,taiburrahman.com.,com,,
38210,q400.xyz.,xyz,,
38211,ketofubasfat.xyz.,xyz,,
38212,tanhuage6.xyz.,xyz,,
38213,phwonq1y.shop.,shop,,
38214,mketrtio.best.,best,,
38215,indyfin.link.,link,,
38216,acecareertraining.com.,com,,
38217,licenses.pro.,pro,,
38218,99yzdz12.com.,com,,
38219,o4c4qil8ba574d19g2o2lg1cv9nt8r7v.top.,top,,
38220,016bjkosk4s6v4ai5j8p1kt78ncc7tf6.fans.,fans,,
38221,matchdaydao.xyz.,xyz,,
38222,blue-lotus.shop.,shop,,
38223,dr6ga4pvbvrjonvdlggd1g0ktpo6j2eh.shop.,shop,,
38224,vipmedia.world.,world,,
38225,9cefllm1jd85he8jq1sng220ct2cg751.shop.,shop,,
38226,satio.shop.,shop,,
38227,princessa.shop.,shop,t,2022-06-20
38228,donx.rocks.,rocks,,
38229,jmfahey.site.,site,,
38230,exploreintership.com.,com,,
38231,wwgxepos.lol.,lol,,
38232,kazanaaid.com.,com,,
38233,themeparksfreak.com.,com,,
38234,mafia.plus.,plus,,
38235,chulian22.xyz.,xyz,,
38236,1wrde.top.,top,,
38237,yekicks.shop.,shop,,
38238,pupapupa.lol.,lol,,
38239,edbythe67ak.cfd.,cfd,,
38240,h3yc8u97rg.xyz.,xyz,,
38241,xing520xubei.top.,top,,
38242,jd7927pcbkp72hfkat4in48e24t9q032.shop.,shop,,
38243,9tagf4q1tlsgtmo58p1l2j1je7k5s6r3.shop.,shop,,
38244,ketoavyhijslim.xyz.,xyz,,
38245,derezzed.media.,media,,
38246,to9gpgnnbaljp22ev7ndfepc3cur4eur.shop.,shop,,
38247,pulsapetirzeyus.xyz.,xyz,,
38248,wnycalisthenics.com.,com,,
38249,sjjsb.com.,com,,
38250,l880.com.,com,,
38251,jv6eob4o04gsvu0jtbej6cojm4bvc7r3.shop.,shop,,
38252,sovereign-cloud.space.,space,,
38253,leixing.xyz.,xyz,,
38254,priestmasterm.space.,space,,
38255,flipsquadpoker.com.,com,,
38256,jasonjones.tech.,tech,,
38257,drgregorywegbert.com.,com,,
38258,89152.band.,band,,
38259,dayuzku.space.,space,,
38260,0mnubu45ib6gs5dp2n03cgraa0uimeug.top.,top,,
38261,zirw.vin.,vin,t,2022-06-12
38262,kingofshaves.biz.,biz,,
38263,4m232y.shop.,shop,,
38264,rnlqdnqsmy.xyz.,xyz,,
38265,wrun.xyz.,xyz,,
38266,workcareentireproblem.mom.,mom,,
38267,netflix-membrship.com.,com,,
38268,godisatrans.xyz.,xyz,,
38269,leandro-olivery.com.,com,,
38270,jdlaisi.com.,com,,
38271,ecohouse.boutique.,boutique,,
38272,raihantalukdeer.xyz.,xyz,,
38273,ns2.aamarweb.xyz.,xyz,,
38274,bellman.surf.,surf,,
38275,2dnextgen.world.,world,,
38276,debxx1.shop.,shop,,
38277,marstravel.space.,space,,
38278,reforger.life.,life,,
38279,stawowy.farm.,farm,,
38280,reopenmind.space.,space,,
38281,framethediscussion.com.,com,,
38282,cloudstep.xyz.,xyz,,
38283,matsudo-motoyamashika.com.,com,,
38284,lcweco.shop.,shop,,
38285,weightloss.cam.,cam,,
38286,wsmzhx.com.,com,,
38287,jandjhopetoadopt.com.,com,,
38288,hnhncc.shop.,shop,,
38289,178zb.vip.,vip,,
38290,tn2l8tjulsu51msjqn139dpemfvocv6b.shop.,shop,,
38291,mezqhdttwzu.xyz.,xyz,t,2022-05-17
38292,ns2.adenoneuralrheumilycevadillaintemperatenessphytogr.xyz.,xyz,,2022-05-15
38293,ghs91rmnaesvcfflanm5uunso1ugrgsj.lat.,lat,t,2022-05-18
38294,creep.rip.,rip,t,2022-05-19
38295,syst0x800007h5t3.shop.,shop,t,2022-05-29
38296,mangajam.tech.,tech,t,2022-06-02
38297,tycw1122.com.,com,t,2022-06-11
38298,salesaccelerate.shop.,shop,,
38299,motobolapoker-13.xyz.,xyz,,
38300,hoangphatco.com.,com,,
38301,broker-haus.com.,com,,
38302,orasilversands.com.,com,,
38303,mfcyu.top.,top,,
38304,desocieties.xyz.,xyz,,
38305,alexandersavin.cloud.,cloud,,
38306,onepersonwhilebad.xyz.,xyz,,
38307,dkxwdn.quest.,quest,,
38308,focussfinancials.mom.,mom,,
38309,dafegento.site.,site,,
38310,hualun.shop.,shop,,
38311,lekkerzeeuws.shop.,shop,,
38312,33w112.xyz.,xyz,,
38313,t41v9o41ekfhbftivd11lu4jdiihq3j3.shop.,shop,,
38314,1depinterfail.com.,com,,
38315,all4you-fashion.shop.,shop,,
38316,zhaoyajie.xyz.,xyz,,
38317,dd5blqusfpz93d.life.,life,,
38318,fo-rest.rest.,rest,,
38319,kolmatris.lol.,lol,,
38320,15669.top.,top,,
38321,ketopadyfslim.xyz.,xyz,,
38322,afp.today.,today,,
38323,rubycube.world.,world,,
38324,cabcap.top.,top,,
38325,artalchemy.art.,art,,
38326,2j0jm3gsp7p32c1sf2qtkq5965tq1h55.top.,top,,
38327,ninlvafpsr5rnvodju086gmuc044shlj.top.,top,,
38328,ketoxoxyjoslim.xyz.,xyz,,
38329,quiet.racing.,racing,,
38330,alex-party.fans.,fans,,
38331,k2396.site.,site,,
38332,ns1.web973.com.,com,,
38333,wearegodschildren.life.,life,,
38334,weryt.shop.,shop,,
38335,snchpqornhotv7c66odv7kietnh3voiu.com.,com,,
38336,ikeshin.site.,site,,
38337,ozgrove.shop.,shop,,
38338,l962p98k7fiil8c7198aa3cfd83s3k02.com.,com,,
38339,stonersrewardclub.xyz.,xyz,,
38340,8qh3.xyz.,xyz,,
38341,6536365.com.,com,,
38342,medanaoutsourcing.xyz.,xyz,,
38343,playinginthedirtblog.com.,com,,
38344,keihin.limo.,limo,,
38345,fdmedia.website.,website,,
38346,flippingnh.com.,com,,
38347,vansalad.cafe.,cafe,,
38348,ijrpblveb4kndh6ilqpp7bg0n0f9lb92.shop.,shop,,
38349,aioli.band.,band,,
38350,vetpetdrug.shop.,shop,,
38351,quvdmf.lol.,lol,,
38352,mistore.global.,global,,
38353,fisdjijidfijdf.xyz.,xyz,,
38354,dnbj8isnbp0i3a96g4l18dm9ocoe65eb.shop.,shop,,
38355,lkmzwu.top.,top,,
38356,comfortpillow.shop.,shop,,
38357,boxable.house.,house,,
38358,pengchengonline.space.,space,,
38359,48lovo8obj0ik87o42na3q7htjai6v4l.shop.,shop,,
38360,winprizes181.digital.,digital,,
38361,gaitedmules.site.,site,,
38362,j556o2ipgtdbnu885540qmg86tj1e989.shop.,shop,,
38363,entameriskmanagement.top.,top,,
38364,8m7lmbga8l9bnqql0t33shfhq1dmb3ha.shop.,shop,,
38365,tepaika.com.,com,t,2022-06-02
38366,getonlinemarketingtips.com.,com,t,2022-06-11
38367,q18n3g2apj25vvgcrepos7a9e8pc4hih.shop.,shop,,
38368,zmlgfdrk.xyz.,xyz,,
38369,fox4us.link.,link,,
38370,lr34mp6kr7bdv9vjjpmok9kbnofoiugk.top.,top,,
38371,ketovovokefat.xyz.,xyz,,
38372,4h188g1f4tlisuehbokhvuau9bgnvos2.com.,com,,
38373,yingchai.shop.,shop,,
38374,greymarketingevents.com.,com,,
38375,hentzenco.site.,site,,
38376,1wgtq.top.,top,,
38377,ff80.top.,top,,
38378,1xbet13.xyz.,xyz,,
38379,b33dh.xyz.,xyz,,
38380,ehf9eklh3ik2mclc81t6n6shhbpjv73k.top.,top,,
38381,muradmarkt.shop.,shop,,
38382,viuespaciogastronomico.com.,com,,
38383,vanlycke.com.,com,,
38384,theadinkra.shop.,shop,,
38385,tifapilates.com.,com,,
38386,newfitk9.com.,com,,
38387,isbcportal.biz.,biz,,
38388,selectionluck.shop.,shop,,
38389,1f5h2fci2n0bkr2pcacjdt412vah5tpj.com.,com,,
38390,911.monster.,monster,,
38391,sb9907.com.,com,,
38392,deviadz.tech.,tech,,
38393,ukraineresistance.world.,world,,
38394,technologyy.xyz.,xyz,,
38395,lnice.top.,top,,
38396,shadow-shop.xyz.,xyz,,
38397,oclocksmithservice.com.,com,,
38398,1wpgv.top.,top,,
38399,ailik.shop.,shop,,
38400,vjps2agvmmdmnn1o4hl8ur40gt6q7gd3.shop.,shop,,
38401,tbc22.shop.,shop,,
38402,gomarkets.vip.,vip,,
38403,skopt.space.,space,,
38404,jieleze.top.,top,,
38405,abirdinhand.site.,site,,
38406,ios3.xyz.,xyz,,
38407,protocolp.com.,com,,
38408,meiti.mobi.,mobi,,
38409,urusprinting.com.,com,,
38410,giantspacelaser.com.,com,,
38411,xn--4-kmb.com.,com,,
38412,wsjs.news.,news,,
38413,italyfood.site.,site,,
38414,spilledoats.com.,com,,
38415,uubps47ri2jig68i19spe87mpvtan54f.shop.,shop,,
38416,l2cp4n.xyz.,xyz,,
38417,mykryptocurrency.com.,com,,
38418,selftalkplane.top.,top,,
38419,figleaf.moda.,moda,,
38420,a1sdq93hfjqkfipldl6c1h0rvh1mbevs.shop.,shop,,
38421,batuusa.xyz.,xyz,,
38422,ppufp8lvfn4mm076eo4tmuot7u9q7iq5.shop.,shop,,
38423,solvivore.site.,site,,
38424,ketoyqykyfat.xyz.,xyz,,
38425,nikko-joshi-club.com.,com,,
38426,saumfgmqtct.xyz.,xyz,t,2022-05-17
38427,com-rs.club.,club,t,2022-05-18
38428,policymansmaintain.mom.,mom,t,2022-05-19
38429,parstorp360-ocn.xyz.,xyz,t,2022-05-25
38430,kurgreacrergr794-ocn.xyz.,xyz,t,2022-06-01
38431,toiris.rocks.,rocks,t,2022-06-15
38432,lovelylook.site.,site,t,2022-06-20
38433,lightdev.club.,club,,
38434,sheka365.com.,com,,
38435,ownxc.top.,top,,
38436,goldenanviltx.com.,com,,
38437,ay-2.xyz.,xyz,,
38438,ruifengxffx2.top.,top,,
38439,hwxll.top.,top,,
38440,lzray.xyz.,xyz,,
38441,0f34394cfp6kuku0jbc2vo9ikag9gko4.shop.,shop,,
38442,77ee5fstfdgfn3pmfmrri7a10k4ve1h3.shop.,shop,,
38443,createk.site.,site,,
38444,inmoarea.com.,com,,
38445,nfthub.rocks.,rocks,,
38446,parfumer.site.,site,,
38447,u-classic.com.,com,,
38448,extendy.shop.,shop,,
38449,mrgsmdh0.com.,com,,
38450,qixiang073.vip.,vip,,
38451,aifox.site.,site,,
38452,blvqmupqbu68ug7ajun4hvlhbic0fne7.shop.,shop,,
38453,ternatedbet.cfd.,cfd,,
38454,blockmogul.xyz.,xyz,,
38455,creditcardsbank.com.,com,,
38456,amztester.vip.,vip,,
38457,xuyi.vip.,vip,,
38458,junamir.top.,top,,
38459,b9kud7imb9tqbf7o829vr1fqto3vmave.top.,top,,
38460,rum3vg0opbrel25so3cglvebvui16ajm.top.,top,,
38461,vngamer.site.,site,,
38462,fitsona.shop.,shop,,
38463,ronaldoentringemodel.com.,com,,
38464,amothersjobisneverdone.com.,com,,
38465,howtobeaman.life.,life,,
38466,shui8.top.,top,,
38467,ballmaze.xyz.,xyz,,
38468,activate-hbomax.com.,com,,
38469,myhandbags.top.,top,,
38470,stopscooping.today.,today,,
38471,thefreemint.shop.,shop,,
38472,kuofficial.xyz.,xyz,,
38473,xd520.love.,love,,
38474,amepz.club.,club,,
38475,so9maroc.shop.,shop,,
38476,xjuama.lol.,lol,,
38477,gugu.world.,world,,
38478,fac3.xyz.,xyz,,
38479,a1697.top.,top,,
38480,columbusmetropolitan.com.,com,,
38481,xinliangm.com.,com,,
38482,siampraiplus.biz.,biz,,
38483,p5dvvm27copo36t2o452mvaj35i0dr9j.com.,com,,
38484,workerspointsystem.mom.,mom,,
38485,jjhfish.com.,com,,
38486,hairathomemiranda.site.,site,,
38487,gootuna.top.,top,,
38488,milktea.shop.,shop,,
38489,562688.com.,com,,
38490,love7.space.,space,,
38491,raid-start.shop.,shop,,
38492,languageeverhill.xyz.,xyz,,
38493,emotf2ofm2ndshv8bjkbc943peii5duc.shop.,shop,,
38494,peachynet.xyz.,xyz,,
38495,nagrania-z-kamer.click.,click,t,2022-05-17
38496,nitrogitt.xyz.,xyz,t,2022-05-18
38497,ruekalgf.com.,com,t,2022-05-24
38498,xiawhiacliapy796-biglobe.xyz.,xyz,t,2022-05-25
38499,mmv8lhufkmobuveaklf7t3ap211fbfo8.com.,com,t,2022-06-01
38500,burganbank.ist.,ist,,
38501,pekorra.com.,com,,
38502,bkbdeikpmi2mj0f4ca4alu4bscfrm7os.top.,top,,
38503,seekingsuccessfreedom.com.,com,,
38504,greenpaddy.biz.,biz,,
38505,sedlak.xyz.,xyz,,
38506,drycooler.cloud.,cloud,,
38507,womensstockings.xyz.,xyz,,
38508,b3kiln9e5i7emmc0vpvf6q3n9ommks5j.shop.,shop,,
38509,cryptobot.shop.,shop,,
38510,pp95.kim.,kim,,
38511,networktrade.xyz.,xyz,,
38512,mediasbt.xyz.,xyz,,
38513,lzrdblzzrd.xyz.,xyz,,
38514,somuchbetta.com.,com,,
38515,zovirax-acyclovir.tech.,tech,,
38516,tristanmartineau.com.,com,,
38517,ven8hkel0cvfypjyw.wtf.,wtf,,
38518,tdrjaebnmi.xyz.,xyz,,
38519,mazl.top.,top,,
38520,kometstore.biz.,biz,,
38521,oivlevura05ddooecmq328jr5jf18i33.shop.,shop,,
38522,ymcz.shop.,shop,,
38523,l803f637ffudlocc8vfr79erhqb01gku.ceo.,ceo,,
38524,5lnapb44oherk86olesrnscist6ag4iq.top.,top,,
38525,rokhshad-nourdeh.com.,com,,
38526,s1klt85a9vjbmleq6j7i25d9mec3ib52.autos.,autos,,
38527,eternalvison.xyz.,xyz,,
38528,raakia.shop.,shop,,
38529,k4qg0r2q5pm8bccv6evrbl9474kfastt.church.,church,,
38530,kwiklearners.com.,com,,
38531,inmateroster.today.,today,,
38532,n91st02vqkn1pdo5ih16glbg6cdsktbo.top.,top,,
38533,gris-lu.shop.,shop,,
38534,keypartsco.site.,site,,
38535,tower.cafe.,cafe,,
38536,ermalpractice.xyz.,xyz,,
38537,joymoment.shop.,shop,,
38538,autolab.tech.,tech,,
38539,3798844.com.,com,,
38540,jdsourcing.shop.,shop,,
38541,enjoycodingproject.com.,com,,
38542,4h88ra6n70udmeb623irvdj3dolvb1jm.shop.,shop,,
38543,eluosi.farm.,farm,,
38544,blogbuzz.xyz.,xyz,,
38545,1jvu8860v9eafonlqmok4nckllmremuc.shop.,shop,,
38546,33w138.xyz.,xyz,,
38547,plansurveyor.site.,site,,
38548,h85vpoge1s85u812o71c386dth55s8gr.shop.,shop,,
38549,73658.top.,top,,
38550,atechreviewblog.site.,site,,
38551,ats.world.,world,,
38552,c1o5f4u1qjt7o35tc6rorc42j78u33hb.shop.,shop,,
38553,olye.xyz.,xyz,,
38554,1wfjt.top.,top,,
38555,hzhselei.shop.,shop,,
38556,aqrobt5qb26nefj3ph8rcrp2lu6jgru3.shop.,shop,,
38557,tqklcoztgm.com.,com,,
38558,qwej.shop.,shop,,
38559,boshengman.com.,com,,
38560,signindetailshub.com.,com,,
38561,reicell.life.,life,,
38562,soulboundtoken.cloud.,cloud,,
38563,dufkmhdygwt.xyz.,xyz,t,2022-05-17
38564,nordeabs.com.,com,t,2022-05-19
38565,simplictyglow.com.,com,t,2022-05-20
38566,grobometodayalways.shop.,shop,,
38567,5555mmmm.top.,top,,
38568,332.deals.,deals,,
38569,rantico.xyz.,xyz,,
38570,7jmd8bbkm2o4svq6e4g39vjal1r0bfjg.top.,top,,
38571,6vks2sr3i8idb5qpbca9lc4etu11irnb.top.,top,,
38572,m3pno1a78bqrdplureuae7ef0bkrqaoa.xyz.,xyz,,
38573,yzxdqpgs.com.,com,,
38574,newmirs.com.,com,,
38575,10ci6gmns7pgal56jgcg02aitvgvav3m.shop.,shop,,
38576,mamasay.life.,life,,
38577,bigrhody.com.,com,,
38578,wy88.casino.,casino,,
38579,save-money.shop.,shop,,
38580,sunbro.shop.,shop,,
38581,1xbet17.xyz.,xyz,,
38582,mailyeah.website.,website,,
38583,nali23dre.cfd.,cfd,,
38584,saladpan.space.,space,,
38585,pp82.kim.,kim,,
38586,9bo61udupijmctsg0v3a34bq19ninhqc.xyz.,xyz,,
38587,koreablog.xyz.,xyz,,
38588,surypyf.xyz.,xyz,,
38589,5ljq1svcn3muids7rj62e5u05q4ip5ps.shop.,shop,,
38590,szqhxlt.com.,com,,
38591,holdings.world.,world,,
38592,lakelandvillageresort.com.,com,,
38593,kehonga.top.,top,,
38594,bznz.media.,media,,
38595,1wxeb.top.,top,,
38596,rejlcqk7svuilhvhoc7sleu291d7ll1v.shop.,shop,,
38597,rk4ikr6il6p6b7kqf.link.,link,,
38598,finoles.biz.,biz,,
38599,5tujuiggmb9o9thc2k20hl8doga7743i.gal.,gal,,
38600,1qlspjaol799lcaunvc69kdjtq41dssd.shop.,shop,,
38601,ku4ndo6os2be3vp9po2fovdvggejj7qh.top.,top,,
38602,artanddesign.world.,world,,
38603,nicholas.pics.,pics,,
38604,salmonfiercemarsupial.xyz.,xyz,,
38605,vnptsqb8o6nsilm1rieccsp0sv1rdq53.shop.,shop,,
38606,hsn17c68uhkttqhfqghi69rsu9ob21fm.top.,top,,
38607,liangjinshen.top.,top,,
38608,noouksh2v027g0ekote6ss3mg2th943r.media.,media,,
38609,hioloum.art.,art,,
38610,camdesigns.space.,space,,
38611,pnwprestige.com.,com,,
38612,bandsnear.com.,com,,
38613,cloudland.world.,world,,
38614,suregames.xyz.,xyz,,
38615,s8jkk671vg3j7m5ojb9ovanplrtoeb8r.shop.,shop,,
38616,joecomputers.com.,com,,
38617,xn--4gq1dq83a06ag0hs96cnh0a.top.,top,,
38618,travestismadrid.site.,site,,
38619,xn--29sob4x.xyz.,xyz,,
38620,de-esoterik.shop.,shop,,
38621,hk6578.vip.,vip,,
38622,4qp45snkq4ok7kp50lltsm1ifbs5ol83.top.,top,,
38623,xxcc15.com.,com,,
38624,jsdtl0td0i9eop2tk1pki515sb1ludl6.shop.,shop,,
38625,timelesscollectible.com.,com,,
38626,iringgit99.vip.,vip,,
38627,gsrejbcita.xyz.,xyz,,
38628,cikkmira.com.,com,,
38629,linz.media.,media,,
38630,pwgpo.link.,link,,
38631,charbrooklandscaping.com.,com,t,2022-06-02
38632,lugaresenchile.com.,com,t,2022-06-11
38633,optionthemselves.mom.,mom,,
38634,suhutoto88.shop.,shop,,
38635,martymoushey.com.,com,,
38636,espritmall.com.,com,,
38637,100on100.shop.,shop,,
38638,eros.guru.,guru,,
38639,d9wgnpeyrig16z1l4.cam.,cam,,
38640,pdweqrax.com.,com,,
38641,katiepiatt.com.,com,,
38642,hwlhoo.shop.,shop,,
38643,mo80cn9n3jv2oo9bk6uuj2o2pucf7qm2.bayern.,bayern,,
38644,manu9ajok4o60ju2rfe4rd0jfnsncccr.shop.,shop,,
38645,token-vip.space.,space,,
38646,funoutlet.shop.,shop,,
38647,twcmermaid.com.,com,,
38648,m0qpi7lrn39mp9i6ll0i825k56oocd16.top.,top,,
38649,massageme.space.,space,,
38650,q2nlimpl05ks69.space.,space,,
38651,luobot.xyz.,xyz,,
38652,lesliewilson.pro.,pro,,
38653,xn--l1aebb4e.xn--p1acf.,xn--p1acf,,
38654,matiosn.cyou.,cyou,,
38655,ylygjkm.com.,com,,
38656,awslinux028.space.,space,,
38657,evfx.xyz.,xyz,,
38658,moyuwanzi.top.,top,,
38659,horti-workroom.shop.,shop,,
38660,mhn3ibhjev2m5fnivun6o5ffpckr81jo.xyz.,xyz,,
38661,imagineprinters.com.,com,,
38662,sweeps.link.,link,,
38663,cometopticals.com.,com,,
38664,awslinux031.space.,space,,
38665,ns1.owesfly.space.,space,,
38666,nemiuniversity.com.,com,,
38667,aamohrss8m85l6e8e2bmelcdv5li30fa.shop.,shop,,
38668,metrovers-info.world.,world,,
38669,777sujbmv7fa5sap4shehvdik26sqh90.xyz.,xyz,,
38670,ns2.elsedog.monster.,monster,,
38671,8mnqswep.xyz.,xyz,,
38672,tng-dedicated.com.,com,,
38673,icreate.icu.,icu,,
38674,taozhitv6.cam.,cam,,
38675,daouk.top.,top,,
38676,dlaccount.xyz.,xyz,,
38677,qriq00gaqcj6143ca48kk0mveug615le.today.,today,,
38678,7200l.com.,com,,
38679,woundless.club.,club,,
38680,finetbm.com.,com,,
38681,bajadune.shop.,shop,,
38682,bz024.xyz.,xyz,,
38683,oncloudussale.shop.,shop,,
38684,innovamarketdigital.com.,com,,
38685,wisulteng.xyz.,xyz,,
38686,backslash.security.,security,,
38687,6666cccc.top.,top,,
38688,fractalcapitalinvestment.com.,com,,
38689,d8079u8dst1u1cnofqj1ge5qs9ckgjd0.top.,top,,
38690,derwqd.cloud.,cloud,,
38691,90geo7v556r587bk103pfq1lt4jlf4cj.shop.,shop,,
38692,syosinnsyatousi.shop.,shop,,
38693,ekofashion.shop.,shop,,
38694,dftmi75ceubfuvd13baclim9g1qnk6am.lat.,lat,t,2022-05-18
38695,imo-gym.com.,com,t,2022-05-18
38696,doodlles.xyz.,xyz,t,2022-05-22
38697,yshsjklmcv3490hdgaj.shop.,shop,t,2022-05-25
38698,cursordate.com.,com,t,2022-06-11
38699,linagarcial.website.,website,,
38700,9l5chlshppu1l6raqlv7q38bukda733g.xyz.,xyz,,
38701,ddommqt5uee8r5d0288db44a7u4oroqh.shop.,shop,,
38702,lmv0l7t786d9v7f052ak3jd7fsdnfc72.shop.,shop,,
38703,dd5ak9s31d80kn.life.,life,,
38704,cymarinesh.com.,com,,
38705,qil666.xyz.,xyz,,
38706,khvu4di65i7ml92ct58s9uiuj1lqme9i.shop.,shop,,
38707,nxslot88.biz.,biz,,
38708,go-adlatcyon.cyou.,cyou,,
38709,oemgee.shop.,shop,,
38710,larlieandco.com.,com,,
38711,hairyclassicporn.xyz.,xyz,,
38712,moregreatnesss.com.,com,,
38713,sim85.com.,com,,
38714,ketoysejuslim.xyz.,xyz,,
38715,medsnet724.shop.,shop,,
38716,gsdswf.com.,com,,
38717,corporateseekers.life.,life,,
38718,youthtownacademy.com.,com,,
38719,o3qfbduxan.xyz.,xyz,,
38720,ljlm2d0l6dkcl64b015e4kf5nc1n2pc1.shop.,shop,,
38721,newlieinc.com.,com,,
38722,baed92all.cfd.,cfd,,
38723,blacksinsecurities.com.,com,,
38724,beliazer.shop.,shop,,
38725,qmqkpqi0lfu5h4ej9vfoioavuoluv0hd.top.,top,,
38726,h8isjl8vmdgo19c25gims8roomid04f7.shop.,shop,,
38727,okaybears.games.,games,,
38728,hisopd.lol.,lol,,
38729,dorckvpn.xyz.,xyz,,
38730,carriereespresso.digital.,digital,,
38731,zywy.xyz.,xyz,,
38732,roseebene.com.,com,,
38733,ns1.wasbug.cam.,cam,,
38734,halkwhopbac.com.,com,,
38735,freefireth.website.,website,,
38736,zhuchen.cloud.,cloud,,
38737,szwv1qvmdny5t5i2.life.,life,,
38738,trellishandycraft.com.,com,,
38739,zhongzii.com.,com,,
38740,retailife-cod.shop.,shop,,
38741,ninipolk.mom.,mom,,
38742,r6123.xyz.,xyz,,
38743,szjksfd.shop.,shop,,
38744,asempiresfall.com.,com,,
38745,bamboo.wtf.,wtf,,
38746,pjtv852isd2d9dql5dhn4bsfhe3f8crg.shop.,shop,,
38747,2iqfbimc2qbrd9jk72mg93honf04kcgs.top.,top,,
38748,fs8hgqd595oqkmm240c6eeubsu816bk8.com.,com,,
38749,qik6fkoi945611o44n30qg0qt1s6fa1t.shop.,shop,,
38750,b6j3kl4o2a1n8r76mf3e8rcum6vjn09j.shop.,shop,,
38751,efcalhambra.site.,site,,
38752,prime-video.shop.,shop,,
38753,knyltbep.lol.,lol,,
38754,7k6k07pd1l30to8vsj303bi97beih6i7.top.,top,,
38755,yk36.shop.,shop,,
38756,vowsvallarta.site.,site,,
38757,blockdeals.xyz.,xyz,,
38758,6igpv2ug00vimv8b8o3kb1b5bnn4gjuv.cam.,cam,,
38759,5k7n01qoqk1a2qfh7lukhctkrktk72b7.com.,com,t,2022-05-18
38760,linkedindownload.space.,space,t,2022-05-28
38761,hikarusamejima.com.,com,t,2022-05-29
38762,bikt7uction.xyz.,xyz,t,2022-06-05
38763,loonaf467e9m3mpf296fukiem9nb6fmj.shop.,shop,,
38764,1111gggg.top.,top,,
38765,blanketgb.shop.,shop,,
38766,mnmnca.xyz.,xyz,,
38767,cocol88.cloud.,cloud,,
38768,leddemocase.com.,com,,
38769,alphaomega.fashion.,fashion,,
38770,etyuiop.cloud.,cloud,,
38771,wuximjg.com.,com,,
38772,groovy.world.,world,,
38773,povujwlarj.xyz.,xyz,,
38774,ps3hengames.site.,site,,
38775,g8cq3uarlh9r8qmagcve0n83kmpa7fqr.shop.,shop,,
38776,npl.studio.,studio,,
38777,daily-mail.space.,space,,
38778,solarpowered.house.,house,,
38779,df9635.mom.,mom,,
38780,om64vau063bjvjstfm0k6jnolg58lpgj.top.,top,,
38781,6tsencnqlfl71es3aqh946fhm2mfrnnf.com.,com,,
38782,y-system.biz.,biz,,
38783,1lev1.world.,world,,
38784,incons.xyz.,xyz,,
38785,ollmoll.com.,com,,
38786,dvottech.ltd.,ltd,,
38787,9q6cq6s5qkmh28tk07lf8abtdt9fn3s5.shop.,shop,,
38788,hongim.vip.,vip,,
38789,ubridge.club.,club,,
38790,dk5a0uxrfp202h.life.,life,,
38791,legacylionstore.com.,com,,
38792,vote.media.,media,,
38793,igeioep17qcl2ss2bvetn4ifgeglan5h.top.,top,,
38794,whereislala.blog.,blog,,
38795,oochangjiang15.top.,top,,
38796,hnr196.top.,top,,
38797,3oig48c6dnsho0li2mmildluhhmhfioo.fans.,fans,,
38798,co-union.vip.,vip,,
38799,jbm.institute.,institute,,
38800,671.deals.,deals,,
38801,sfjzf-bf.top.,top,,
38802,bjtangshe.com.,com,,
38803,bimemorialchapel.site.,site,,
38804,wrtgh56mh.cfd.,cfd,,
38805,knowyourrights-us.xyz.,xyz,,
38806,abundanceofmarketing.com.,com,,
38807,u1oukg92at450bjqh4d0mvqtgirs2hjo.top.,top,,
38808,avana.shop.,shop,,
38809,fooma.tech.,tech,,
38810,ketomesugfat.xyz.,xyz,,
38811,stcrypto.space.,space,,
38812,celostory.work.,work,,
38813,italdico.com.,com,,
38814,gblxyy.top.,top,,
38815,megrims-fluorescence.com.,com,,
38816,geoq.site.,site,,
38817,wmxsw.xyz.,xyz,,
38818,ketoelalunshop.xyz.,xyz,,
38819,toplist.guru.,guru,,
38820,293596.com.,com,,
38821,ns2.owesfly.space.,space,,
38822,790kj.xyz.,xyz,,
38823,5253au.xyz.,xyz,,
38824,soonmoon.xyz.,xyz,,
38825,ne9jf4phu9vi6r1eiikf84b24d80sm4g.top.,top,,
38826,telpcustomer.care.,care,t,2022-05-19
38827,jndianshang.com.,com,t,2022-06-11
38828,boat-speed.com.,com,t,2022-06-11
38829,7j7jbfm17kn8ok1otu2thea6rdi7qqs8.shop.,shop,,
38830,resaurce.com.,com,,
38831,stqp1fl5bvbg0vs3v6iuruqaap0kdimq.shop.,shop,,
38832,queenofpearls.com.,com,,
38833,h0z4.cam.,cam,,
38834,preminger.agency.,agency,,
38835,sottr.space.,space,,
38836,eg9one1hta5p585hncu4fih4g8ghg1db.cat.,cat,,
38837,yourafter.life.,life,,
38838,mymailer.club.,club,,
38839,lotsfar.space.,space,,
38840,ot4uh6v5i8pgkh3jo0tuvfgfmi30idh0.top.,top,,
38841,8ir3r1nq91u6s8q5aqv0teb4qkknsend.top.,top,,
38842,losndosa.shop.,shop,,
38843,2chnavi.link.,link,,
38844,heathylife.today.,today,,
38845,dsksbundleaf.site.,site,,
38846,sk7k8q8v5rfs7pode5el5p9qfo9lthl9.shop.,shop,,
38847,rustic.studio.,studio,,
38848,bets-bc-uqihj.click.,click,,
38849,umdasv9n3sqcf6gflmdop7f7lbcb2bcc.top.,top,,
38850,ns1.marchante.website.,website,,
38851,trianglelab.tech.,tech,,
38852,sandduneproperties.com.,com,,
38853,g442jeqp.xyz.,xyz,,
38854,falldudes.lol.,lol,,
38855,bootsector.games.,games,,
38856,connectiot.xyz.,xyz,,
38857,homecoming.church.,church,,
38858,d3multi.media.,media,,
38859,elanggame.lol.,lol,,
38860,valloum.shop.,shop,,
38861,aubadeon.com.,com,,
38862,tdrbhj39kql5ha6e016h43b9mbeul0f7.shop.,shop,,
38863,centricfunds.loan.,loan,,
38864,pontoreflexo.com.,com,,
38865,soopise.com.,com,,
38866,gongfulondon.com.,com,,
38867,hjguuvh28qri276iantj7hv330godu3b.shop.,shop,,
38868,ifjpot0seo4sav5hm468f25kod73gf7a.top.,top,,
38869,svf9l3jflg7ukca6d51l4jkab5k62bt9.shop.,shop,,
38870,8uf1b52g38ern12icb5j35vfs9op9cmu.top.,top,,
38871,hebat138.com.,com,,
38872,63o88nllm7opdefe2oion3c3rq8rieqh.shop.,shop,,
38873,winefineboutiquellc.com.,com,,
38874,ns1.thenoi.xyz.,xyz,,
38875,anythingdrywall.com.,com,,
38876,workplacehrserviices.com.,com,,
38877,qjh8feop6g6d8669p0q8fg2n0m54mee5.shop.,shop,,
38878,acrylictr.shop.,shop,,
38879,boxxidoors.com.,com,,
38880,myhealthrecord.xyz.,xyz,,
38881,ayoubstorebouznika.shop.,shop,,
38882,periop-one.care.,care,,
38883,abs-9.top.,top,,
38884,df4aqaerg95t45.life.,life,,
38885,fairliquids.com.,com,,
38886,63iau16j6iu4nkt0q1ti5uif5ro492an.top.,top,,
38887,neptuna.shop.,shop,,
38888,1wzii.top.,top,,
38889,kuruiwangluo.top.,top,,
38890,ysue.tech.,tech,,
38891,qjts.shop.,shop,,
38892,abg4qjivcem8mrdmjjl6f8eeoojebs3q.lat.,lat,t,2022-05-18
38893,afshuichan.com.,com,t,2022-06-11
38894,dkzozp.com.,com,,
38895,s0oli183m1229r98rqa54e8lh73751pq.shop.,shop,,
38896,journeyculture.life.,life,,
38897,a17ews.xyz.,xyz,,
38898,imtoken-up.xyz.,xyz,,
38899,k7a1athqpp7g0a81gmov4aiki5hhh4ci.top.,top,,
38900,dolekstore.xyz.,xyz,,
38901,00am.top.,top,,
38902,booksbt.xyz.,xyz,,
38903,casualmentesalvadoreno.com.,com,,
38904,thriveatanyage.life.,life,,
38905,foundrylabs.xyz.,xyz,,
38906,90ak66n2d9ej0rnf7p105hsecveuc6cs.space.,space,,
38907,dozk.com.,com,,
38908,redskyhealth.com.,com,,
38909,rakshakdefenseacademy.com.,com,,
38910,e8j3h.xyz.,xyz,,
38911,creativelyloved.life.,life,,
38912,lg5d93dvkgrcfpeifi9o0mb5082t0ua1.shop.,shop,,
38913,buysbt.xyz.,xyz,,
38914,okwereacult.today.,today,,
38915,avamovie15.xyz.,xyz,,
38916,unhealthy.top.,top,,
38917,immmtoken.xyz.,xyz,,
38918,ketosatuvofat.xyz.,xyz,,
38919,4lt95adt1bl4s2j85bmb30pl3d3c7c4p.shop.,shop,,
38920,tyc1313.com.,com,,
38921,thenewsacred.world.,world,,
38922,aiotech.tech.,tech,,
38923,360grass.com.,com,,
38924,b6f36cgsnb74thbpcvhhcua7o3if3uu1.com.,com,,
38925,l5h9s456oqvghgv9dphi2pis6esqrdhk.shop.,shop,,
38926,ovuhh334t365hucnj02us74odslbleui.shop.,shop,,
38927,agq1dcoa54i44dsrcki168o00amgeauu.tech.,tech,,
38928,second-opinion.space.,space,,
38929,q6iouv.xyz.,xyz,,
38930,gallery-5.shop.,shop,,
38931,31zang.com.,com,,
38932,vlada.xyz.,xyz,,
38933,cryptopunks.quest.,quest,,
38934,rs9dcijlks1356psmnunr6qff0aqbvb9.shop.,shop,,
38935,longislandaardvarks.com.,com,,
38936,wireleaks.news.,news,,
38937,joker81.cloud.,cloud,,
38938,kowjip.xyz.,xyz,,
38939,etimarjan.com.,com,,
38940,ceo-bet1.com.,com,,
38941,brangaqqji6off4729l37602dtbmbonu.com.,com,,
38942,ns2.opinie-google.site.,site,,
38943,whenfix.com.,com,,
38944,shannenasia.com.,com,,
38945,xinyangwenshi.com.,com,,
38946,inh39n7q3520npdd3qbe0qht2263jr8e.top.,top,,
38947,010v5551v1343.xyz.,xyz,,
38948,brightpower.site.,site,,
38949,libertee.site.,site,,
38950,supportevilmusic.com.,com,,
38951,houseofvlog.com.,com,,
38952,artsele.com.,com,,
38953,lb8888.vip.,vip,,
38954,ketosebuxoslim.xyz.,xyz,,
38955,lvyidaquan.com.,com,,
38956,glr10ov02738rji4q6kf8sa7lkjoodc9.top.,top,,
38957,96451.band.,band,,
38958,ecommercerich.shop.,shop,,
38959,wpaymentout.xyz.,xyz,t,2022-06-01
38960,drovasa.com.,com,,
38961,m2e.today.,today,,
38962,5um6iu401b245dr2vjuc0qqmfcv36tnq.shop.,shop,,
38963,companysparticulars.mom.,mom,,
38964,wistlerllc.com.,com,,
38965,reimaginetogetherpbl.com.,com,,
38966,wbd.tennis.,tennis,,
38967,24iq6murlnu1l9r5ufruq4na6puj00md.top.,top,,
38968,abhishekmahankal.com.,com,,
38969,roots.asia.,asia,,
38970,gt0i1bunkmett7c5pjdeeqvveaudscst.services.,services,,
38971,palianytsia.xyz.,xyz,,
38972,snstorecp.com.,com,,
38973,neweriduhub.com.,com,,
38974,gerlop.top.,top,,
38975,hf-corning.com.,com,,
38976,wattwo.link.,link,,
38977,eco-collection.shop.,shop,,
38978,tropicalbreeze.casino.,casino,,
38979,chungcudiscoverycentral.com.,com,,
38980,rinkoro-realization.com.,com,,
38981,wunsch.website.,website,,
38982,nextdaypleasure.website.,website,,
38983,4r5ps0d43aevo2p239lhibjtdnr3j8ca.shop.,shop,,
38984,ilovexiene.top.,top,,
38985,jigyosikinmikatatukaikata1.xyz.,xyz,,
38986,hlwdbz.com.,com,,
38987,fuyitrading.com.,com,,
38988,raxxwrld.shop.,shop,,
38989,yetko.xyz.,xyz,,
38990,11gnue0oq593j69i603e82trkec4g6a1.top.,top,,
38991,gamefimedia.xyz.,xyz,,
38992,dfgjijigijfgg.xyz.,xyz,,
38993,91kvt0g8dflrkdseu7eprue824jbmnq1.shop.,shop,,
38994,tdn4jmijl2erl8s2r8i057p8c5daim7m.shop.,shop,,
38995,prts.plus.,plus,,
38996,ketojevemyshop.xyz.,xyz,,
38997,zhongyuan004.com.,com,,
38998,ambeacademy.com.,com,,
38999,spicey.men.,men,,
39000,westhamforever.com.,com,,
39001,5boq1n01ffij3t7klr1bsqgt5sqn80l5.shop.,shop,,
39002,dancer.news.,news,,
39003,prformationenlignefr.shop.,shop,,
39004,crafterthings.com.,com,,
39005,wholesaleattar.com.,com,,
39006,ibuystaugustine.com.,com,,
39007,thedarkweb.today.,today,,
39008,bbszhcw.com.,com,,
39009,ns1.intolow.site.,site,,
39010,sensationalblends.shop.,shop,,
39011,wuiplay.com.,com,,
39012,8vkp99u4vl7tb7tmkh5vbp7tu63r904e.camp.,camp,,
39013,wellgeds.xyz.,xyz,,
39014,btsrr.site.,site,,
39015,luna.deals.,deals,,
39016,thebestsmileys.com.,com,,
39017,arlspeech.com.,com,,
39018,facecameras.com.,com,,
39019,titocartechini.com.,com,,
39020,lakewoodcleaning.com.,com,,
39021,portapi.top.,top,,
39022,ayk8l.top.,top,,
39023,jinsha7766.com.,com,,
39024,microqualification.com.,com,,
39025,hficip58mpe3jctip3aitgr24vuhh481.shop.,shop,,
39026,bottegaev.com.,com,t,2022-05-19
39027,asulocationdatabase.com.,com,t,2022-06-02
39028,d479h137hgiqcjo0c3om6gmaprgj7skp.top.,top,,
39029,4444cccc.top.,top,,
39030,kitchenfitter.pro.,pro,,
39031,9abrj4isinaorm5ee1863duuivlvvrc8.shop.,shop,,
39032,blumeta.xyz.,xyz,,
39033,xmh22.com.,com,,
39034,butcherboytacos.com.,com,,
39035,wickweebs.com.,com,,
39036,nu1ai6umj3mhs79sfe582si01l5mcrka.shop.,shop,,
39037,1111tttt.top.,top,,
39038,kascer.today.,today,,
39039,c780kjbraoq8su75h3cp86f65u5ivr5t.top.,top,,
39040,imagineworksweek.mom.,mom,,
39041,la48kf9rid9fa7bssnpbvkujfnmk3vnk.shop.,shop,,
39042,scripturefocus.blog.,blog,,
39043,niqg.top.,top,,
39044,4cclbfclo6tadfop32u967uk3jgrrpr9.shop.,shop,,
39045,partygummies.shop.,shop,,
39046,thotthoughts.lol.,lol,,
39047,toncomeback.xyz.,xyz,,
39048,k5c0bginrsd0400riibv4c64t19jjkkp.xyz.,xyz,,
39049,repairsforyou.biz.,biz,,
39050,h4t3eao9ihcf39dh3uh5k7k2kfsjvllv.shop.,shop,,
39051,followgold.shop.,shop,,
39052,ketoluwycshop.xyz.,xyz,,
39053,safetygate.tech.,tech,,
39054,archway.host.,host,,
39055,4a8ervqulg276u7glk2fqnifrvdm60lb.top.,top,,
39056,mysticships.com.,com,,
39057,lichencraft.top.,top,,
39058,kzunzncury.xyz.,xyz,,
39059,tmentor.xyz.,xyz,,
39060,smartio.agency.,agency,,
39061,avag.xyz.,xyz,,
39062,skiing.travel.,travel,,
39063,itspicecream.com.,com,,
39064,toyfactory.band.,band,,
39065,okx669.com.,com,,
39066,i7urpc6eo0cns9d609ubqg4oit0btptp.com.,com,,
39067,kgflqd1apm7a0f6thm3ghiqag5q4glq6.care.,care,,
39068,rapidanmillva.com.,com,,
39069,govunnarnce.global.,global,,
39070,soulchips.site.,site,,
39071,polariiiif.art.,art,,
39072,digitalbrand.agency.,agency,,
39073,bannerscenter.com.,com,,
39074,jcshpr99842113sb53mvabmpkbttdo2r.top.,top,,
39075,stephenfeelgood.life.,life,,
39076,misfortuneitwill.xyz.,xyz,,
39077,recruit88.site.,site,,
39078,szczerba.xyz.,xyz,,
39079,cloudlending.xyz.,xyz,,
39080,487.deals.,deals,,
39081,braaspt2t2v0hhi2m51jb3vm7gplbvbb.com.,com,,
39082,xd5adtlj32a3v1.life.,life,,
39083,blocksoftware.xyz.,xyz,,
39084,thelifeandbalance.com.,com,,
39085,iqcd8mhokr.xyz.,xyz,,
39086,gavin-resources.top.,top,,
39087,mmorpg.mobi.,mobi,,
39088,homeobox.xyz.,xyz,,
39089,earthhealth.care.,care,,
39090,59d1i2m2gmjq13tmot0hf8593lcduikg.space.,space,,
39091,ketoxewigfat.xyz.,xyz,,
39092,ktw-teruggave-online.xyz.,xyz,t,2022-05-17
39093,pay2375867.space.,space,t,2022-05-18
39094,dgift-premeum.xyz.,xyz,t,2022-06-10
39095,lddjee.com.,com,t,2022-06-11
39096,uwngyz.shop.,shop,,
39097,7h51ckv112qmp38phog8cnkv0v3sfi2u.shop.,shop,,
39098,rajpersonal.xyz.,xyz,,
39099,g0rus25jtjskim0j8mignn26a347h105.shop.,shop,,
39100,apo-es.shop.,shop,,
39101,winery.services.,services,,
39102,cleanyourairpods.shop.,shop,,
39103,racial.makeup.,makeup,,
39104,screnshot.best.,best,,
39105,jonglee.shop.,shop,,
39106,1wqsw.top.,top,,
39107,sexheo.link.,link,,
39108,2soe3qgmcaol36fv6gquo5v6pf0ibg1i.shop.,shop,,
39109,hqpg4h.shop.,shop,,
39110,seoulidrc.com.,com,,
39111,t3loa7lvbcovq7p3p6cbvruduhisou0u.shop.,shop,,
39112,movieplex.host.,host,,
39113,hohenzoller.lol.,lol,,
39114,relaxrush.com.,com,,
39115,d-music.xyz.,xyz,,
39116,r1jtb1pionq7f89h3mgqq7gpg7akra3r.top.,top,,
39117,mail-offset.top.,top,,
39118,dj8niqtjbgemojpahf5ntdgdrvqacr72.shop.,shop,,
39119,tanlcasj7durrah0ioc2kjgm9g0ej478.media.,media,,
39120,rstagingsite.cloud.,cloud,,
39121,chevyperformanceparts.com.,com,,
39122,x8lzc.com.,com,,
39123,imtoken-wp.xyz.,xyz,,
39124,5ar8vj15ei9tbalbrpin0l42h9be1kni.shop.,shop,,
39125,mathing.shop.,shop,,
39126,starsoul.vip.,vip,,
39127,1q677iktsdrjnb9oboth15eoe1e9gmm7.club.,club,,
39128,b3e.training.,training,,
39129,myfavorite.shop.,shop,,
39130,auono1.com.,com,,
39131,parfummacabre.com.,com,,
39132,drutdadysk.icu.,icu,,
39133,glamast.shop.,shop,,
39134,sbtpayment.xyz.,xyz,,
39135,tiie.xyz.,xyz,,
39136,virtual-assistant.services.,services,,
39137,frankinsence.sale.,sale,,
39138,lidvd.top.,top,,
39139,rhteam.shop.,shop,,
39140,c1nrmqbnp4qd9gdf51090694vthg4cao.shop.,shop,,
39141,bravenewworld.quest.,quest,,
39142,proto.fashion.,fashion,,
39143,melali.cfd.,cfd,,
39144,yylsp.xyz.,xyz,,
39145,cqdyq.com.,com,,
39146,foodinthefox.com.,com,,
39147,iplt20.life.,life,,
39148,pixel.racing.,racing,,
39149,xd5c2uo5z88l6m.life.,life,,
39150,sugarcube.agency.,agency,,
39151,staysmart.tech.,tech,,
39152,0s3mhdg2a7tt9mn2vgi2ig4apnqmarq4.shop.,shop,,
39153,ns1.pninnov.rest.,rest,,
39154,27778.biz.,biz,,
39155,yospostor.com.,com,,
39156,hjzgcuceskj.xyz.,xyz,t,2022-05-17
39157,ezelyasar.com.,com,,2022-05-15
39158,ccgv3ntg76ujitq0kcm2a1rneknmabeh.lat.,lat,t,2022-05-18
39159,kobe8-tw.com.,com,t,2022-06-11
39160,mswina.shop.,shop,,
39161,9k0snpg1d8d8gn0u2o8vajk9ldc6epsj.shop.,shop,,
39162,569023.com.,com,,
39163,ctodbs11.vip.,vip,,
39164,podkastz.com.,com,,
39165,9jampo9ojm3dqmok8kb3rmpj2hgbkuoa.xyz.,xyz,,
39166,yoy436s2.xyz.,xyz,,
39167,bughead.top.,top,,
39168,ketoisyqyslim.xyz.,xyz,,
39169,broonwheels.club.,club,,
39170,joker9412.tech.,tech,,
39171,ofnbasics.com.,com,,
39172,eorine.shop.,shop,,
39173,oncefy.com.,com,,
39174,arianamichr.space.,space,,
39175,mechaniccorral.com.,com,,
39176,ctcmei.shop.,shop,,
39177,ketowodixifat.xyz.,xyz,,
39178,offerdz.com.,com,,
39179,imagestudio.shop.,shop,,
39180,theonlinegaming.space.,space,,
39181,3i45lf9inttqr2eeflggsit9er8u59ca.top.,top,,
39182,topgamepadx.tech.,tech,,
39183,offsetd.com.,com,,
39184,dn5b93s6ofleff.life.,life,,
39185,pimaomqig86m7b0818fobuduj9l8gsmn.shop.,shop,,
39186,travelnstay.xyz.,xyz,,
39187,jhfkjweq105.shop.,shop,,
39188,unearthedayurveda.com.,com,,
39189,route66.agency.,agency,,
39190,sebaba72.xyz.,xyz,,
39191,ludos.club.,club,,
39192,bvz.care.,care,,
39193,juneteenthbusinessexpo.shop.,shop,,
39194,m08be4ka0nu1gs3gg5ojhv49rgrtp1im.shop.,shop,,
39195,gasisapps.space.,space,,
39196,golfmentale.shop.,shop,,
39197,nkf1k0rqlu9saakv9mu21hjvlg6716av.top.,top,,
39198,bettrbets.club.,club,,
39199,beatshop.world.,world,,
39200,vencheyy.com.,com,,
39201,iksp6v28co26rjcrak0nleqsv7lblojg.top.,top,,
39202,neoedu.xyz.,xyz,,
39203,rentapet.xyz.,xyz,,
39204,xingtushangmao.top.,top,,
39205,freshkick123.com.,com,,
39206,guruberkelas.xyz.,xyz,,
39207,holmesmist2erhoms.lol.,lol,,
39208,billgorman.site.,site,,
39209,ghar.house.,house,,
39210,kamustoto.xyz.,xyz,,
39211,whalesp.xyz.,xyz,,
39212,cerberus.ooo.,ooo,,
39213,dk4az8khrf5lkp.life.,life,,
39214,62hoa6th63hq6qbvmtvaq084as828ceb.shop.,shop,,
39215,nyxconnect.com.,com,,
39216,stbsd.xyz.,xyz,,
39217,faywsb.xyz.,xyz,,
39218,wairua.world.,world,,
39219,thekashilooms.com.,com,,
39220,ccd2re2ofr5hql3qj9pfv4gqiud1bhv9.top.,top,,
39221,addgoods.today.,today,,
39222,glamouristic.shop.,shop,,
39223,vusrbtqqtkj.xyz.,xyz,t,2022-05-17
39224,rwaxi.life.,life,t,2022-05-18
39225,gidisoiduyiuejdfterehi.xyz.,xyz,t,2022-06-01
39226,reta.club.,club,,
39227,qeullje1nd.xyz.,xyz,,
39228,suitkey.shop.,shop,,
39229,jhllcvs4g0smbrm1q5128sh31cm8b8nr.shop.,shop,,
39230,n39ek259rim83807o05ltn94nee4bssq.shop.,shop,,
39231,sazzad.tech.,tech,,
39232,cra2se9rop26lm4qlnqcl8b5hr6g0irh.top.,top,,
39233,returns.today.,today,,
39234,studioelisagelage.com.,com,,
39235,huey.science.,science,,
39236,r427gf0qukvrs6sjbau9iucpdc12cbdo.shop.,shop,,
39237,mq0fks.shop.,shop,,
39238,zjryokhgbn.xyz.,xyz,,
39239,ateliersdartsacre.art.,art,,
39240,childless-couple-ainoyukue.website.,website,,
39241,binance-sec.biz.,biz,,
39242,creditcheck.fund.,fund,,
39243,fsoibv9nu5c15mk902cje33u4p5jeadu.top.,top,,
39244,2j6967fj1agu8o1csrh8fo04kvb73c3l.top.,top,,
39245,adcdn.click.,click,,
39246,suddp27vahlt1lhi0d84rkhm8jinnali.shop.,shop,,
39247,jwg2.com.,com,t,2022-06-17
39248,pucuk77.com.,com,,
39249,mylifestyle.asia.,asia,,
39250,vsuqf.top.,top,,
39251,eagles4d.com.,com,,
39252,zzyhomv.shop.,shop,,
39253,webappsauth.com.,com,,
39254,catan.shop.,shop,,
39255,xn--zqqx76cigu.xn--6qq986b3xl.,xn--6qq986b3xl,,
39256,flagpolesforourfallenheroes.shop.,shop,,
39257,nextweb.news.,news,,
39258,helpfullwarm.xyz.,xyz,,
39259,cortedanglona.com.,com,,
39260,sertsin.click.,click,,
39261,ffpd2h9k1hop0e9af7d31dfj9f7jcsad.shop.,shop,,
39262,terrific-navigate.quest.,quest,,
39263,znet.marketing.,marketing,,
39264,cc2urdevqflpv2787moicjicvcjc774t.top.,top,,
39265,zaiused.shop.,shop,,
39266,familysfactfoots.mom.,mom,,
39267,slovewhenyouneed.xyz.,xyz,,
39268,exploding-cow.games.,games,,
39269,1c1198adrkss5qp90r4q6h9v68c15r2v.shop.,shop,,
39270,websites.life.,life,,
39271,artech.club.,club,,
39272,jet5ool3a4eecjkqt7edoomj5ibo1sq7.shop.,shop,,
39273,s007damhet2lo6l96ovfkg37l1tedqia.shop.,shop,,
39274,blockprice.xyz.,xyz,,
39275,xn--fiq3pg43e81c.xn--6qq986b3xl.,xn--6qq986b3xl,,
39276,nrgsolutions.house.,house,,
39277,sratim.world.,world,,
39278,tlandsplitwithkettonru.cfd.,cfd,,
39279,8ujjddamariigsl2cbj7ogaeo5tp1t6t.shop.,shop,,
39280,7localgov.cfd.,cfd,,
39281,2gm04h5l0a50ha3c9sf40ml92el5tgru.shop.,shop,,
39282,scloth-store.com.,com,,
39283,limelightluxurywholesalehair.com.,com,,
39284,dtrv6c3h48l8n4vdvkrdc5gr4c55rpkm.shop.,shop,,
39285,bedskirt.shop.,shop,,
39286,folu.club.,club,,
39287,pemiluendangholis.site.,site,,
39288,kq978.shop.,shop,,
39289,zaxwpsrxvsp.xyz.,xyz,t,2022-05-17
39290,ns1.7bucks.xyz.,xyz,t,2022-05-18
39291,ksb5e6d0p8mj67tm0t65pvakk72ui48f.lat.,lat,t,2022-05-18
39292,tooneg.shop.,shop,,
39293,10q3d861eqkipvid9ncd4sqpfe72s0al.top.,top,,
39294,legitimate.autos.,autos,,
39295,eicoach.icu.,icu,,
39296,8g7t02pkct9ajbcu4ikgvh0i2j378eeo.top.,top,,
39297,shh888.xyz.,xyz,,
39298,qdrrs.com.,com,,
39299,nailslovers.shop.,shop,,
39300,dejavuapp.blog.,blog,,
39301,larishamartinezacademy.shop.,shop,,
39302,bosunhj.com.,com,,
39303,xu5auo5vu05f6w.life.,life,,
39304,su91mqhqq0du6fptbkb8b7fh5prvf8rh.shop.,shop,,
39305,s8cu0ak2oo0qmh466t3vop54u49ibb3a.top.,top,,
39306,orangecountypartystrippers.com.,com,,
39307,7fvk427h2po5kmv3lud1j1qakt8pf4nc.com.,com,,
39308,keywaverecruitment.agency.,agency,,
39309,ehrqjd93tp3815frtsajg41vpk4fb3kf.realtor.,realtor,,
39310,saltandlight.care.,care,,
39311,boundbypassion.com.,com,,
39312,royashap.shop.,shop,,
39313,tarotconsulta.site.,site,,
39314,hk5293.vip.,vip,,
39315,junmoon.club.,club,,
39316,yield4financescammersuae.com.,com,,
39317,lzrdppl.world.,world,,
39318,aoftware.mobi.,mobi,,
39319,ctccfmqpq5ugmjjbk0dmco9dlfn3g5jl.com.,com,,
39320,twotimes.shop.,shop,,
39321,11ssmm.xyz.,xyz,,
39322,wpuruguay.club.,club,,
39323,1970.life.,life,,
39324,smart6s.shop.,shop,,
39325,senergymail.com.,com,,
39326,27491.biz.,biz,,
39327,5tt60rerf0ru9o9lu5cc7ika00pmuedh.shop.,shop,,
39328,8888xxxx.top.,top,,
39329,digitalabby.plus.,plus,,
39330,ek0cfghpgf3g3k9qsp4dj7g6qrrfesci.shop.,shop,,
39331,camatree.shop.,shop,,
39332,amohag.lol.,lol,,
39333,monument.quest.,quest,,
39334,ketoapomushop.xyz.,xyz,,
39335,o61bqog5i3n9rr76v6bvvrggvobkp7e7.shop.,shop,,
39336,r96st11p1vsulhf3kda9qrt59eca443v.solar.,solar,,
39337,won516.top.,top,,
39338,toysbt.xyz.,xyz,,
39339,coachdelores.news.,news,,
39340,aelnb4hcqblo01tcr6rntgf0gkgm35fl.shop.,shop,,
39341,n8nnfda0vnambscvco6omvdotgj129n6.top.,top,,
39342,kuchikomi.club.,club,,
39343,ghdfijgjidfg.xyz.,xyz,,
39344,ns2.localforvocal.club.,club,,
39345,bets-bc-mnron.xyz.,xyz,,
39346,jzveor.shop.,shop,,
39347,pv70nnnc4gc4qsdlj0lkqnqc09fsicnt.shop.,shop,,
39348,88lives.vip.,vip,,
39349,qx4ubbp5.xyz.,xyz,,
39350,zacharysportfolio.com.,com,,
39351,marujas.club.,club,,
39352,islandtouch.biz.,biz,,
39353,ltsystem.shop.,shop,,
39354,eternity.mom.,mom,,
39355,arianrelativ.cfd.,cfd,,
39356,354hb2436l9f8j5ok21haam1loaq6pjh.shop.,shop,,
39357,ra149q28235p4li4274gcue3ccn6ql53.shop.,shop,,
39358,4f6j2cpj.xyz.,xyz,,
39359,uips3itgk2a88o1qiut2g2as7df4osn1.com.,com,,
39360,mcbhpbviu4aqih1touqk2sm2kv5gret9.shop.,shop,,
39361,solxks.click.,click,,
39362,slapstick.shop.,shop,,
39363,dhrjdiensten.com.,com,,
39364,p34n6erh3cgj4mvum2lk47cmpk5792tr.top.,top,,
39365,xghs1.xyz.,xyz,,
39366,sheldonhanson.com.,com,,
39367,tj361.xyz.,xyz,,
39368,delightful.world.,world,,
39369,jwp.llc.,llc,,
39370,prisonbreak.scyllatv.top.,top,,
39371,ccb7.vip.,vip,,
39372,narsi.care.,care,,
39373,zunongtian.com.,com,,
39374,omrjgujrsnt09mqperp3rmfnd2bogo6h.shop.,shop,,
39375,belongcn.xyz.,xyz,,
39376,ikigaiwalk.com.,com,,
39377,kk0fgqp0h4og23sluh02mna7kptddd33.com.,com,,
39378,v4ll3bivfbpcocvaers35md45dje243i.shop.,shop,,
39379,biolinea-tahiti.com.,com,,
39380,mypoem.xyz.,xyz,,
39381,dynamobet.xyz.,xyz,,
39382,cloudwalkerfarms.shop.,shop,,
39383,mhmkn3vr5b7u6pqurife6mr3an1ckqak.shop.,shop,,
39384,drnkdolxyo.xyz.,xyz,,
39385,u9has88uk353emehgjr7pn089geoieq1.com.,com,,
39386,yahyabey.xyz.,xyz,,
39387,searchway.tech.,tech,,
39388,rdmediainc.com.,com,,
39389,chiuwe.shop.,shop,,
39390,2kqsmoobnbv5np158g34vtom1o7ksbsu.top.,top,,
39391,emsfa25s6o10pi8fpkigqjsmpvfudpk3.shop.,shop,,
39392,imoicz.lol.,lol,,
39393,wigger.lol.,lol,,
39394,yfesdg.xyz.,xyz,,
39395,origami-meteor.space.,space,,
39396,liuyu.icu.,icu,,
39397,d082u4hcbbp2kha5jipv0n9kugknablp.shop.,shop,,
39398,hmpublicidad.com.,com,,
39399,dbly52.xyz.,xyz,,
39400,qzg593.shop.,shop,,
39401,shuangxingdao.com.,com,,
39402,704m43l02en1quq2tfamjp92nkj5m31f.shop.,shop,,
39403,startupics.com.,com,,
39404,ziontravelsltd.com.,com,,
39405,ng0iv42b95u79f0s.today.,today,,
39406,following.lol.,lol,,
39407,itmail.work.,work,,
39408,isgow.com.,com,,
39409,t40ne7boe1v7ejpekrsv4tlmrs4trh3a.shop.,shop,,
39410,taozhuba.com.,com,,
39411,83782.deals.,deals,,
39412,blq8rjnqbn1fpjnj90q26vmg22qipf80.top.,top,,
39413,craftualife.com.,com,,
39414,ettpp8hiet57bebj9odabkiuev00egji.top.,top,,
39415,pay-id53.xyz.,xyz,,
39416,damskiy.site.,site,,
39417,heroai.site.,site,,
39418,gfkbwa.shop.,shop,,
39419,jualrumah.shop.,shop,,
39420,3nlq6vgjen3f1urvqb4b1tebnanmv4hv.top.,top,,
39421,lifih.top.,top,t,2022-05-17
39422,doyboxe.space.,space,t,2022-05-31
39423,aokpvtevr4mebbnnp1auv9agrvo9sk43.lat.,lat,t,2022-05-18
39424,tpaymentout.xyz.,xyz,t,2022-06-03
39425,tlclifestylecenter.com.,com,t,2022-06-11
39426,12e0aotha0d7bb8krs9vi6ci6via9mod.com.,com,,
39427,2linepayments.shop.,shop,,
39428,i7cumka2aasqo7nh4bjaucksiu7r500p.shop.,shop,,
39429,knqc60rfsqim3av9t6n2guc6u8tinhtm.top.,top,,
39430,lapsephotography.xyz.,xyz,,
39431,batya.wtf.,wtf,,
39432,labsrabbitz.com.,com,,
39433,steponefitnessgym.com.,com,,
39434,evildao.tech.,tech,,
39435,33w45.xyz.,xyz,,
39436,vtap.xyz.,xyz,,
39437,zirkus.space.,space,,
39438,adventuretoonsnh.com.,com,,
39439,ni9fph0efo6p0isplnv4eo47mc3s84nt.shop.,shop,,
